    0.115727     0.102378     0.281617     0.783184     0.960824     0.987816     0.940329     0.708495     0.227815     0.087547     0.100814     0.211091     0.332154     0.308032     0.182944     0.111915     0.174671     0.517440     0.883636     0.975206     0.967538     0.843814     0.411130     0.137721     0.078872     0.088324     0.136651     0.249010     0.486142     0.760191     0.898929     0.923869     0.817392     0.448440     0.203149     0.182128     0.213007     0.191558     0.122035     0.076973     0.079866     0.178470     0.512597     0.756234     0.755366     0.516460     0.193670     0.119272     0.233888     0.636187     0.863046     0.848094     0.664194     0.464640     0.423630     0.392557     0.247966     0.122069     0.065740     0.060952     0.146127     0.469807     0.738393     0.635275 
    0.092631     0.087605     0.224586     0.673922     0.913217     0.968042     0.937858     0.739053     0.260484     0.109388     0.128307     0.227920     0.303310     0.240409     0.125819     0.081685     0.122928     0.359102     0.776560     0.932412     0.949666     0.844719     0.448277     0.173406     0.145937     0.261225     0.467878     0.689977     0.838034     0.918702     0.939798     0.902499     0.746721     0.407209     0.280418     0.444702     0.597132     0.527426     0.273483     0.109956     0.097175     0.263236     0.750156     0.933732     0.935285     0.763586     0.292175     0.123239     0.174444     0.455466     0.707964     0.670931     0.396344     0.207747     0.186135     0.236680     0.263310     0.202724     0.123094     0.085723     0.115953     0.261233     0.430653     0.349309 
    0.070497     0.071965     0.139397     0.392820     0.711637     0.830085     0.801734     0.576755     0.228906     0.164202     0.320031     0.580304     0.671403     0.505663     0.206374     0.090098     0.082428     0.178297     0.464780     0.729623     0.792368     0.668980     0.337653     0.192327     0.289648     0.626870     0.833791     0.909478     0.926824     0.903802     0.826428     0.668127     0.404455     0.227920     0.318169     0.715778     0.879352     0.841533     0.555662     0.178784     0.112025     0.292576     0.808897     0.968174     0.973995     0.840540     0.344265     0.115152     0.101148     0.193214     0.310378     0.295906     0.177875     0.115512     0.146088     0.305046     0.541734     0.548788     0.383852     0.247762     0.207546     0.243631     0.271184     0.190773 
    0.079124     0.094449     0.120187     0.186340     0.295065     0.371270     0.353299     0.242813     0.155180     0.239373     0.617239     0.866331     0.909418     0.777816     0.346398     0.119093     0.069193     0.088132     0.173330     0.292274     0.340752     0.275503     0.172981     0.171901     0.362899     0.758716     0.905581     0.913573     0.844892     0.685788     0.430257     0.229881     0.125429     0.118693     0.321446     0.810587     0.952596     0.934345     0.717039     0.225854     0.109529     0.258385     0.766943     0.955844     0.971639     0.841631     0.340693     0.104460     0.070719     0.106307     0.166804     0.180441     0.135275     0.108036     0.165701     0.426278     0.786785     0.865057     0.806389     0.695147     0.591378     0.521891     0.412176     0.235891 
    0.167727     0.255914     0.283828     0.244338     0.175275     0.138201     0.119576     0.099379     0.108280     0.249067     0.695523     0.919026     0.946808     0.826008     0.388601     0.132266     0.076328     0.090154     0.136670     0.183411     0.181329     0.135629     0.103819     0.126222     0.264634     0.584283     0.735945     0.692658     0.493109     0.263945     0.130080     0.069766     0.052133     0.093339     0.336447     0.840976     0.968013     0.948481     0.740767     0.225432     0.090841     0.182317     0.603538     0.885809     0.926804     0.771048     0.286987     0.095346     0.079297     0.148166     0.268619     0.320099     0.242203     0.145352     0.165321     0.393236     0.774156     0.898252     0.898898     0.860023     0.823266     0.799911     0.729366     0.523588 
    0.457646     0.718909     0.765629     0.630038     0.314492     0.119999     0.067522     0.057438     0.074372     0.179576     0.543395     0.823986     0.851263     0.674363     0.281072     0.117590     0.113304     0.212762     0.342609     0.401808     0.324195     0.174908     0.095963     0.086122     0.124494     0.210953     0.258686     0.229282     0.157989     0.097807     0.065209     0.048998     0.049080     0.101092     0.358679     0.849387     0.965526     0.927250     0.665864     0.188502     0.068047     0.102002     0.317414     0.655191     0.741341     0.541078     0.196593     0.098128     0.155503     0.392578     0.677080     0.747957     0.578035     0.243800     0.145204     0.231933     0.500271     0.694264     0.738785     0.726702     0.734300     0.790175     0.841590     0.813279 
    0.700956     0.916168     0.949266     0.873073     0.568034     0.174156     0.064714     0.044934     0.054424     0.112565     0.305538     0.556396     0.541561     0.319820     0.142865     0.108593     0.221678     0.573064     0.798259     0.839802     0.724957     0.374932     0.132744     0.072625     0.069146     0.082999     0.094434     0.101169     0.111027     0.122487     0.117684     0.091424     0.073298     0.113470     0.341952     0.805611     0.923596     0.840034     0.472236     0.131015     0.052095     0.061482     0.136714     0.275220     0.328444     0.228855     0.121493     0.131254     0.340590     0.737166     0.911012     0.928794     0.784068     0.327615     0.128797     0.113749     0.176006     0.237280     0.249873     0.244433     0.287888     0.457488     0.717707     0.869129 
    0.697939     0.926143     0.972559     0.929014     0.690239     0.217657     0.073183     0.050367     0.071469     0.148130     0.314046     0.460370     0.352590     0.162735     0.090500     0.121169     0.349043     0.804482     0.951383     0.967188     0.891053     0.574366     0.182049     0.078607     0.066021     0.077660     0.108650     0.178649     0.286715     0.382757     0.378978     0.255352     0.132301     0.118073     0.250280     0.602337     0.732571     0.580002     0.240188     0.080512     0.049243     0.068687     0.125051     0.195147     0.200641     0.138350     0.107762     0.188198     0.549517     0.883381     0.970119     0.958501     0.806784     0.325364     0.115183     0.081542     0.098200     0.114362     0.103226     0.082154     0.085539     0.157486     0.389820     0.747730 
    0.466507     0.784790     0.892638     0.864891     0.629621     0.221038     0.099490     0.103997     0.197254     0.410990     0.663095     0.726999     0.512218     0.186780     0.092610     0.133061     0.402313     0.854666     0.973913     0.980030     0.906405     0.608762     0.207681     0.115955     0.141162     0.209992     0.331275     0.548461     0.748621     0.838080     0.815367     0.598849     0.236005     0.120957     0.142081     0.252118     0.303226     0.219871     0.105400     0.059816     0.073592     0.160196     0.310412     0.416774     0.353185     0.185151     0.122993     0.207663     0.583598     0.886564     0.954426     0.914025     0.693344     0.247504     0.100651     0.096421     0.154284     0.202736     0.168612     0.094568     0.052811     0.061423     0.158515     0.458778 
    0.190230     0.380870     0.559320     0.574560     0.402608     0.227497     0.214109     0.318351     0.559291     0.790389     0.900070     0.897397     0.704724     0.258205     0.107358     0.123896     0.339888     0.783244     0.927887     0.926928     0.810041     0.478747     0.221024     0.251847     0.441365     0.637658     0.759997     0.848066     0.910276     0.936523     0.901103     0.690287     0.266728     0.119169     0.110599     0.154392     0.175423     0.136292     0.086372     0.077548     0.160083     0.452704     0.751205     0.832815     0.713921     0.329219     0.143870     0.160490     0.393084     0.722182     0.827240     0.738921     0.415657     0.148057     0.093567     0.160826     0.396773     0.590386     0.515491     0.264310     0.094044     0.047945     0.073666     0.213773 
    0.104309     0.129042     0.182695     0.221872     0.250424     0.352108     0.538948     0.703710     0.826356     0.903519     0.933203     0.899513     0.693992     0.256657     0.104914     0.098881     0.211507     0.524105     0.719575     0.702413     0.507602     0.272445     0.244021     0.499109     0.779301     0.871465     0.874222     0.850188     0.834515     0.819828     0.740700     0.481069     0.190814     0.116292     0.164752     0.284127     0.344160     0.287542     0.184791     0.148908     0.305359     0.734912     0.926888     0.953466     0.840981     0.406104     0.142562     0.099886     0.167493     0.331391     0.468073     0.396100     0.195577     0.092111     0.094975     0.235732     0.664900     0.876758     0.855397     0.613627     0.215021     0.075705     0.071555     0.166189 
    0.157515     0.084594     0.087241     0.127615     0.242514     0.518192     0.739467     0.792128     0.786522     0.784111     0.772439     0.686648     0.428178     0.165399     0.086810     0.085417     0.127979     0.219901     0.282859     0.258332     0.185016     0.146214     0.237011     0.572835     0.815868     0.829119     0.716898     0.542845     0.413552     0.351371     0.284502     0.182245     0.112291     0.146651     0.373826     0.699187     0.804748     0.743823     0.514748     0.298077     0.414745     0.792026     0.935028     0.939356     0.794889     0.342007     0.114343     0.068315     0.089466     0.181663     0.336784     0.342696     0.193782     0.094171     0.090704     0.223864     0.665899     0.912232     0.942298     0.813293     0.389956     0.142407     0.143181     0.332564 
    0.310414     0.113024     0.082162     0.118961     0.239447     0.484800     0.611978     0.524451     0.374782     0.293335     0.259970     0.219452     0.147593     0.092981     0.091148     0.122587     0.159565     0.169838     0.148981     0.119836     0.099526     0.108855     0.184042     0.385529     0.544978     0.470383     0.288119     0.171170     0.133375     0.134396     0.126726     0.100078     0.095765     0.200173     0.598338     0.891830     0.956975     0.921096     0.736550     0.374862     0.339077     0.604157     0.775506     0.774830     0.562705     0.209183     0.080646     0.057935     0.094000     0.261083     0.581059     0.656515     0.428396     0.158114     0.084424     0.141831     0.433384     0.801313     0.922534     0.867075     0.540565     0.239052     0.296968     0.658906 
    0.466979     0.167735     0.114293     0.156255     0.244728     0.326938     0.298787     0.198791     0.123198     0.093245     0.088700     0.090550     0.094345     0.120558     0.198181     0.315236     0.382746     0.304598     0.175704     0.114625     0.104263     0.128408     0.169309     0.212873     0.214741     0.159055     0.100810     0.085914     0.130378     0.204971     0.220456     0.162560     0.120805     0.216156     0.619325     0.899341     0.958184     0.911721     0.686032     0.274732     0.158513     0.217974     0.316990     0.352531     0.254816     0.122898     0.066578     0.063142     0.141224     0.471419     0.829216     0.892836     0.725489     0.267261     0.088077     0.074171     0.188442     0.525071     0.818467     0.825894     0.539323     0.272924     0.373735     0.754613 
    0.488184     0.220688     0.216302     0.330810     0.404502     0.323279     0.186761     0.112171     0.091793     0.107886     0.143984     0.187336     0.244157     0.358335     0.564028     0.731422     0.748288     0.544916     0.250160     0.148433     0.172580     0.270667     0.319686     0.255387     0.143173     0.082368     0.069629     0.125544     0.344177     0.612317     0.653103     0.452809     0.205079     0.181963     0.411647     0.714378     0.798216     0.702956     0.393809     0.139411     0.073069     0.089242     0.158292     0.252093     0.258573     0.171133     0.093217     0.081645     0.194138     0.641060     0.919603     0.961810     0.840141     0.350387     0.096718     0.047634     0.085088     0.276259     0.649831     0.696819     0.390064     0.197473     0.262257     0.556646 
    0.329043     0.253807     0.444071     0.700246     0.727213     0.479416     0.205779     0.137821     0.198883     0.347081     0.517120     0.645266     0.720003     0.774482     0.824830     0.839580     0.760107     0.500368     0.229917     0.181997     0.349479     0.650937     0.731504     0.562091     0.231764     0.089323     0.081623     0.213593     0.653786     0.892452     0.914785     0.758236     0.325859     0.145501     0.167144     0.260415     0.296913     0.237436     0.129052     0.060920     0.049709     0.097086     0.264753     0.530223     0.620097     0.452450     0.195203     0.113055     0.213711     0.663811     0.926945     0.968080     0.855382     0.372508     0.103229     0.050442     0.082762     0.245631     0.573451     0.571983     0.260899     0.123455     0.125781     0.208134 
    0.162508     0.238196     0.577818     0.843545     0.837482     0.552634     0.239477     0.222584     0.473865     0.764478     0.875582     0.905855     0.897585     0.853609     0.765874     0.632102     0.432093     0.235611     0.139158     0.190223     0.521380     0.854424     0.920373     0.814564     0.428749     0.133311     0.094491     0.247712     0.738987     0.945043     0.964322     0.838126     0.380931     0.133075     0.088237     0.095633     0.097155     0.078711     0.053302     0.042763     0.070095     0.208154     0.579036     0.843663     0.895588     0.764244     0.348930     0.145355     0.183434     0.526513     0.851201     0.917188     0.784882     0.323169     0.109361     0.092132     0.191232     0.442829     0.679282     0.546629     0.210942     0.093417     0.077268     0.095594 
    0.096159     0.179582     0.495079     0.789796     0.758234     0.428372     0.201271     0.248712     0.594739     0.870168     0.937520     0.924083     0.846517     0.669266     0.412316     0.242907     0.153908     0.101547     0.088672     0.177516     0.572351     0.901480     0.967947     0.914310     0.632194     0.190165     0.094610     0.196660     0.603812     0.866266     0.904131     0.759425     0.329553     0.128879     0.094310     0.095425     0.091525     0.079777     0.070938     0.083681     0.166521     0.441107     0.806809     0.939304     0.947891     0.823148     0.390252     0.144434     0.124787     0.281548     0.584591     0.693076     0.531160     0.219992     0.132844     0.232154     0.503373     0.751816     0.783830     0.505071     0.179504     0.088451     0.086890     0.112490 
    0.083623     0.130213     0.331967     0.601903     0.525754     0.237192     0.124302     0.169937     0.417331     0.715342     0.798678     0.740082     0.543718     0.295466     0.164651     0.131791     0.123924     0.104223     0.089989     0.161133     0.520199     0.887162     0.971724     0.940569     0.716638     0.223262     0.086518     0.113439     0.292816     0.550360     0.622431     0.458685     0.216622     0.155536     0.215251     0.274486     0.286047     0.269680     0.259830     0.295943     0.443102     0.704581     0.870843     0.909768     0.864036     0.672665     0.280920     0.116135     0.091671     0.132270     0.218537     0.256431     0.201390     0.135397     0.198586     0.510232     0.795216     0.865781     0.734582     0.356939     0.140537     0.119890     0.204510     0.317241 
    0.137649     0.170457     0.350489     0.548168     0.424836     0.170082     0.083915     0.091530     0.166437     0.276746     0.318479     0.269090     0.181373     0.124451     0.147903     0.258628     0.327011     0.279087     0.171988     0.160888     0.401338     0.808289     0.933363     0.905265     0.665059     0.214729     0.087909     0.086872     0.138021     0.207874     0.223856     0.179998     0.155202     0.268494     0.587339     0.766829     0.805985     0.796510     0.776669     0.761050     0.755408     0.755098     0.735878     0.669710     0.516335     0.303442     0.150998     0.116341     0.127011     0.136299     0.130951     0.112839     0.095311     0.112479     0.278750     0.713434     0.877735     0.811603     0.503738     0.195732     0.125633     0.247553     0.577985     0.786834 
    0.324871     0.398646     0.641006     0.757688     0.609081     0.249001     0.092330     0.065659     0.081445     0.109100     0.119848     0.105063     0.088707     0.117272     0.292643     0.665947     0.804922     0.727395     0.413928     0.193706     0.256214     0.565568     0.750671     0.714375     0.440535     0.175628     0.131136     0.170564     0.206805     0.195395     0.143975     0.111664     0.146960     0.361063     0.781894     0.927501     0.952426     0.945672     0.923678     0.867981     0.723964     0.482071     0.297616     0.206871     0.150213     0.115921     0.138223     0.251993     0.354806     0.349958     0.233387     0.114027     0.075975     0.112357     0.337721     0.774620     0.849021     0.620178     0.241856     0.103528     0.142728     0.435150     0.832711     0.950761 
    0.494457     0.653995     0.844239     0.900629     0.810096     0.452682     0.143466     0.070329     0.071603     0.095856     0.115287     0.107873     0.096697     0.151049     0.427948     0.842816     0.948487     0.892741     0.590834     0.214031     0.140570     0.213310     0.292934     0.281571     0.197511     0.174811     0.318990     0.531336     0.612994     0.504767     0.274735     0.133719     0.136285     0.314918     0.721831     0.895286     0.932490     0.923341     0.875022     0.737997     0.444578     0.196416     0.097659     0.065826     0.061451     0.096726     0.263457     0.644823     0.819698     0.802108     0.567190     0.196663     0.087037     0.126553     0.406502     0.791386     0.784849     0.392046     0.117699     0.068248     0.153561     0.523354     0.891566     0.971945 
    0.339523     0.590286     0.844035     0.929654     0.898356     0.658839     0.217544     0.091320     0.100237     0.184572     0.274236     0.260756     0.181796     0.174284     0.394814     0.789008     0.906282     0.839032     0.514074     0.179088     0.096321     0.100861     0.117691     0.118496     0.127730     0.247978     0.636709     0.863337     0.909261     0.838683     0.566859     0.209335     0.121385     0.183604     0.408062     0.633148     0.715996     0.696406     0.581382     0.374225     0.191492     0.098919     0.061902     0.048016     0.055387     0.125531     0.419115     0.849119     0.964006     0.947844     0.763144     0.271429     0.105878     0.163320     0.532092     0.830150     0.765698     0.300896     0.082549     0.054156     0.125675     0.419718     0.807564     0.898962 
    0.149032     0.309426     0.649567     0.863928     0.905371     0.750648     0.283127     0.121581     0.172261     0.448741     0.702693     0.689625     0.447466     0.217520     0.235498     0.459619     0.602252     0.509038     0.259047     0.119966     0.098265     0.110499     0.111565     0.099190     0.119691     0.283838     0.740476     0.935135     0.970342     0.928679     0.719707     0.268200     0.116955     0.105749     0.150301     0.205046     0.228978     0.221084     0.190078     0.150763     0.131030     0.127465     0.109409     0.082094     0.074069     0.142712     0.457394     0.869844     0.971054     0.948269     0.755749     0.267880     0.115701     0.216206     0.674524     0.885123     0.801303     0.323631     0.087343     0.048098     0.080965     0.217675     0.489248     0.596143 
    0.070227     0.117922     0.299258     0.646890     0.844661     0.766744     0.333047     0.148207     0.231985     0.645041     0.889173     0.900775     0.727618     0.323077     0.141833     0.147884     0.177112     0.154915     0.109361     0.116847     0.198780     0.274145     0.253845     0.159624     0.124077     0.230509     0.614611     0.863676     0.928980     0.892958     0.678813     0.260972     0.119298     0.093121     0.091470     0.090275     0.085991     0.084121     0.091918     0.126102     0.221852     0.339181     0.337353     0.241347     0.147037     0.142833     0.333858     0.714927     0.848691     0.802934     0.539216     0.185475     0.108382     0.255527     0.754584     0.922662     0.847008     0.399644     0.110890     0.052327     0.062247     0.113023     0.198067     0.226738 
    0.056940     0.052804     0.114371     0.347124     0.727419     0.750825     0.372238     0.159218     0.217444     0.613412     0.897505     0.947347     0.858579     0.504417     0.153389     0.068900     0.058209     0.058922     0.087148     0.228038     0.545871     0.728899     0.663186     0.344757     0.146105     0.137160     0.293663     0.557888     0.711803     0.687778     0.455906     0.203667     0.129057     0.118820     0.114932     0.098215     0.078012     0.069517     0.086133     0.169989     0.440873     0.747467     0.799643     0.678752     0.401781     0.196268     0.178591     0.301632     0.391525     0.344628     0.202930     0.095380     0.091795     0.253367     0.746396     0.920607     0.857663     0.452945     0.141659     0.080712     0.101683     0.155052     0.200225     0.180779 
    0.080000     0.041432     0.062158     0.212266     0.631994     0.730691     0.392952     0.154880     0.153526     0.413014     0.806645     0.936889     0.917812     0.699251     0.233318     0.071052     0.038852     0.048972     0.136961     0.458506     0.821944     0.925590     0.860305     0.504748     0.166087     0.085851     0.108531     0.193098     0.297073     0.334148     0.253330     0.173343     0.163761     0.198574     0.239194     0.219506     0.158145     0.108114     0.098853     0.176567     0.483178     0.836775     0.929425     0.899669     0.737256     0.386232     0.156608     0.116442     0.122917     0.112198     0.083771     0.064845     0.081355     0.203448     0.598382     0.819579     0.765746     0.410899     0.185328     0.197694     0.317041     0.465547     0.521503     0.396127 
    0.117790     0.051892     0.065976     0.205715     0.604826     0.696815     0.361898     0.136074     0.098529     0.217469     0.597040     0.872575     0.929181     0.807946     0.353346     0.108949     0.058473     0.093197     0.279465     0.706579     0.920634     0.956532     0.861974     0.469439     0.144452     0.066212     0.071522     0.132477     0.246947     0.325454     0.275159     0.206837     0.222981     0.354002     0.563218     0.604730     0.472030     0.286399     0.159059     0.143280     0.312126     0.685475     0.887175     0.938967     0.889375     0.653247     0.243255     0.095170     0.070842     0.077891     0.088966     0.096455     0.106628     0.153042     0.310213     0.477383     0.450940     0.283623     0.275406     0.526497     0.765827     0.866723     0.870429     0.721622 
    0.148507     0.091454     0.138126     0.328597     0.651900     0.629375     0.278575     0.106546     0.068191     0.109281     0.314125     0.693138     0.862195     0.807304     0.437936     0.172233     0.141652     0.268505     0.585506     0.861920     0.943463     0.914167     0.722533     0.295554     0.098467     0.066287     0.118535     0.289008     0.541008     0.634743     0.464964     0.254952     0.227707     0.396180     0.729210     0.861284     0.837570     0.685811     0.369358     0.151530     0.148463     0.335024     0.673634     0.879659     0.923151     0.807314     0.398558     0.146431     0.113210     0.176907     0.259326     0.302899     0.288618     0.231124     0.188589     0.197008     0.190923     0.192186     0.355207     0.753220     0.923961     0.963992     0.940370     0.781758 
    0.182404     0.235251     0.407331     0.647818     0.754222     0.540160     0.196172     0.081567     0.058442     0.072197     0.148300     0.356883     0.590811     0.601608     0.369760     0.243935     0.361482     0.650878     0.852281     0.930680     0.912992     0.763680     0.411842     0.141785     0.069472     0.100280     0.287505     0.647939     0.838296     0.824870     0.540989     0.221614     0.149883     0.259047     0.630185     0.887955     0.942323     0.892843     0.655903     0.220556     0.091295     0.123257     0.315371     0.672074     0.858431     0.830471     0.525974     0.249992     0.284178     0.549430     0.752262     0.811588     0.766664     0.564038     0.250210     0.134225     0.112867     0.145362     0.328900     0.744466     0.914228     0.938194     0.871248     0.621722 
    0.269149     0.580179     0.800212     0.879156     0.818211     0.450622     0.145510     0.073740     0.074023     0.093876     0.118801     0.164222     0.225734     0.242418     0.210331     0.270396     0.572664     0.848292     0.932030     0.917966     0.785078     0.450574     0.168098     0.070819     0.069686     0.177424     0.562058     0.858575     0.921656     0.820912     0.412631     0.136359     0.078462     0.129935     0.397635     0.819633     0.951612     0.950702     0.792543     0.288862     0.086102     0.058121     0.118480     0.315965     0.594558     0.654705     0.453184     0.312756     0.493539     0.817128     0.939734     0.965421     0.936590     0.780780     0.347720     0.138567     0.094491     0.108945     0.210341     0.498557     0.722225     0.754424     0.605547     0.301804 
    0.346908     0.781130     0.933542     0.946231     0.828659     0.381995     0.126854     0.094489     0.154930     0.243502     0.257599     0.193261     0.130230     0.109064     0.118548     0.210066     0.516976     0.804769     0.866514     0.774877     0.491284     0.193043     0.077329     0.054305     0.086094     0.256582     0.731310     0.919835     0.917097     0.738471     0.267561     0.082164     0.049833     0.075946     0.236321     0.689614     0.916103     0.946366     0.806684     0.307093     0.089073     0.045441     0.059374     0.124815     0.235912     0.285264     0.231209     0.235487     0.477501     0.829118     0.948280     0.969946     0.939780     0.785972     0.354549     0.142475     0.093899     0.088905     0.113479     0.193040     0.293737     0.342623     0.272829     0.148647 
    0.323505     0.776774     0.935496     0.937844     0.785067     0.320612     0.127706     0.157591     0.394789     0.672113     0.692707     0.468905     0.190759     0.086620     0.073895     0.116527     0.255393     0.462323     0.522019     0.387130     0.202175     0.098065     0.064974     0.063453     0.100838     0.278068     0.734336     0.899869     0.876615     0.665003     0.245052     0.103765     0.077941     0.082323     0.157918     0.462328     0.783317     0.852842     0.689849     0.255880     0.089592     0.059258     0.073624     0.114309     0.163667     0.170880     0.136013     0.142220     0.282046     0.607610     0.792543     0.832668     0.779318     0.578265     0.264017     0.150387     0.121922     0.100678     0.088687     0.105740     0.166862     0.280444     0.313194     0.229706 
    0.213276     0.563704     0.793572     0.811808     0.612112     0.233960     0.123588     0.212983     0.595984     0.873156     0.904579     0.760826     0.377523     0.132364     0.068464     0.069945     0.105366     0.158117     0.177130     0.152317     0.130484     0.126984     0.121874     0.106161     0.110568     0.216750     0.542744     0.752303     0.776607     0.664118     0.430427     0.315337     0.262110     0.192329     0.148808     0.236062     0.432223     0.518526     0.378540     0.176317     0.121511     0.152543     0.225910     0.312456     0.358923     0.289857     0.155517     0.101162     0.122316     0.212594     0.300292     0.329884     0.296385     0.232255     0.204221     0.254922     0.264910     0.188081     0.112954     0.112756     0.230582     0.554569     0.707317     0.603826 
    0.114010     0.217812     0.359519     0.408933     0.294813     0.145136     0.104597     0.187036     0.530256     0.847881     0.929025     0.883666     0.660482     0.309831     0.137884     0.081359     0.070035     0.077871     0.093732     0.139302     0.256772     0.365095     0.372976     0.268354     0.148944     0.136486     0.229173     0.361600     0.501653     0.651876     0.751685     0.787893     0.742935     0.525721     0.229312     0.150021     0.176815     0.203277     0.182217     0.178594     0.294833     0.512374     0.708704     0.806108     0.812818     0.660178     0.282814     0.111322     0.074506     0.080610     0.093197     0.097217     0.099710     0.143356     0.335416     0.616510     0.673515     0.462079     0.191072     0.144281     0.316266     0.753921     0.895633     0.818234 
    0.097640     0.092322     0.138405     0.195080     0.200789     0.148081     0.104027     0.120813     0.280986     0.613872     0.832648     0.903049     0.856284     0.680528     0.408124     0.197995     0.096042     0.073909     0.105323     0.264665     0.636746     0.819755     0.823915     0.644165     0.261106     0.114405     0.099923     0.131818     0.226540     0.488713     0.801068     0.913244     0.898883     0.703213     0.284567     0.129071     0.105388     0.115737     0.147544     0.275866     0.616005     0.842685     0.930122     0.960600     0.950205     0.826892     0.391167     0.132500     0.070180     0.058529     0.054666     0.052387     0.069656     0.185813     0.592431     0.866507     0.897716     0.712424     0.270458     0.151051     0.294352     0.721392     0.875214     0.777993 
    0.134754     0.076189     0.119112     0.260836     0.381228     0.332012     0.184152     0.097954     0.113815     0.249102     0.548528     0.827877     0.916366     0.898513     0.785364     0.497371     0.183686     0.098013     0.143053     0.417873     0.838364     0.958059     0.955736     0.820056     0.356579     0.116319     0.064782     0.064509     0.104892     0.264886     0.619944     0.816165     0.807916     0.577333     0.222569     0.104563     0.086434     0.101357     0.153553     0.333580     0.719448     0.901197     0.953598     0.965786     0.942760     0.804225     0.372591     0.138030     0.092221     0.089827     0.083162     0.071910     0.092755     0.267141     0.756832     0.942456     0.944855     0.762811     0.272979     0.120342     0.182342     0.454520     0.637704     0.506521 
    0.191783     0.100880     0.204703     0.576312     0.791951     0.748434     0.437252     0.141440     0.067754     0.093835     0.254907     0.650843     0.892549     0.949298     0.914987     0.712241     0.270896     0.121461     0.161943     0.469912     0.873399     0.975188     0.971181     0.848720     0.386324     0.119866     0.058780     0.048485     0.060255     0.118459     0.270891     0.431722     0.420283     0.256004     0.120769     0.082234     0.092475     0.126011     0.175962     0.290695     0.554516     0.744141     0.815430     0.828588     0.776246     0.574595     0.251553     0.153163     0.203662     0.264310     0.259068     0.200180     0.173143     0.353962     0.800937     0.940113     0.909817     0.662390     0.211984     0.087363     0.107216     0.217755     0.309745     0.236958 
    0.217942     0.132543     0.310830     0.785516     0.941778     0.917585     0.670288     0.206117     0.069292     0.057608     0.129861     0.404582     0.778021     0.905681     0.889667     0.690825     0.268779     0.121958     0.143340     0.377302     0.790186     0.928010     0.930379     0.796787     0.366852     0.138877     0.084147     0.069435     0.070647     0.098960     0.167886     0.236449     0.211084     0.130154     0.086149     0.099715     0.176678     0.279554     0.323356     0.284170     0.257940     0.282531     0.315026     0.327451     0.292689     0.211453     0.153194     0.250165     0.562376     0.751085     0.755619     0.602643     0.362780     0.390793     0.699637     0.819187     0.731610     0.398024     0.132352     0.079984     0.128144     0.246565     0.320148     0.238329 
    0.180610     0.142210     0.355310     0.827129     0.960012     0.934756     0.705363     0.225735     0.081079     0.065156     0.098905     0.222084     0.492968     0.677023     0.659371     0.443394     0.203446     0.126029     0.126314     0.227736     0.513512     0.720069     0.747563     0.609069     0.330373     0.233457     0.223950     0.212924     0.213275     0.258260     0.349525     0.403252     0.312451     0.167405     0.125239     0.220198     0.488639     0.711552     0.723477     0.498242     0.200895     0.111686     0.100896     0.105439     0.102997     0.098018     0.143680     0.397300     0.814087     0.942708     0.943033     0.829358     0.484436     0.283099     0.342165     0.393596     0.308630     0.162784     0.096627     0.141235     0.320505     0.580364     0.659767     0.487567 
    0.122380     0.128493     0.300930     0.721529     0.873185     0.822609     0.537160     0.186124     0.105515     0.123946     0.153722     0.170896     0.210627     0.251107     0.247906     0.216422     0.219774     0.232926     0.196700     0.158306     0.199604     0.265740     0.296180     0.288638     0.314046     0.497373     0.648182     0.681166     0.687575     0.733102     0.795166     0.803009     0.661513     0.346478     0.255383     0.480584     0.804118     0.924193     0.909997     0.702372     0.240279     0.089772     0.067601     0.074796     0.080785     0.088688     0.160964     0.482362     0.878778     0.976964     0.969014     0.844843     0.429184     0.169152     0.129495     0.132663     0.115940     0.102249     0.156550     0.362996     0.690035     0.857259     0.856795     0.670570 
    0.121665     0.131438     0.196584     0.389174     0.515672     0.434663     0.241915     0.142744     0.203913     0.347235     0.408030     0.297870     0.161623     0.117289     0.125743     0.215644     0.468852     0.615416     0.495532     0.230671     0.124536     0.108581     0.119994     0.159140     0.297074     0.625436     0.816205     0.853650     0.857123     0.880100     0.909644     0.902638     0.782305     0.464707     0.365701     0.647010     0.897552     0.967067     0.940259     0.737998     0.253599     0.097424     0.089035     0.121781     0.135708     0.122499     0.164811     0.427793     0.821390     0.934013     0.906900     0.707999     0.276463     0.099229     0.067214     0.071932     0.092401     0.162458     0.370462     0.697651     0.875642     0.910055     0.824605     0.549419 
    0.248926     0.245536     0.184798     0.166941     0.168997     0.139867     0.112202     0.182540     0.484169     0.763166     0.801389     0.579006     0.210248     0.099436     0.116196     0.298141     0.735225     0.878699     0.771394     0.357429     0.135850     0.087875     0.094061     0.128983     0.227400     0.462734     0.658147     0.713189     0.729365     0.767232     0.805187     0.783868     0.621939     0.332287     0.277344     0.540203     0.827289     0.910643     0.855333     0.586330     0.199784     0.108807     0.171625     0.309473     0.344458     0.232591     0.161892     0.262526     0.554628     0.706508     0.636730     0.362257     0.132507     0.063364     0.060660     0.090836     0.170075     0.361526     0.663904     0.840250     0.872296     0.794693     0.569550     0.262788 
    0.650265     0.620338     0.344498     0.136400     0.076756     0.063558     0.096485     0.295773     0.740098     0.918810     0.909935     0.673056     0.222453     0.093130     0.113668     0.315050     0.771225     0.900868     0.790053     0.371190     0.149571     0.122308     0.158579     0.193733     0.206448     0.228485     0.256869     0.263047     0.275223     0.319082     0.369316     0.356975     0.259803     0.156161     0.144297     0.265374     0.504883     0.622491     0.516638     0.266096     0.116618     0.139499     0.385110     0.704213     0.738864     0.471439     0.184514     0.132187     0.189141     0.233214     0.201456     0.121553     0.070993     0.071744     0.116843     0.220454     0.401561     0.620533     0.745525     0.746503     0.640967     0.429926     0.228687     0.112161 
    0.889220     0.862413     0.574482     0.168972     0.059789     0.051214     0.127973     0.467493     0.855322     0.946885     0.884963     0.565028     0.174492     0.080683     0.102263     0.247275     0.595126     0.714731     0.559844     0.253333     0.165342     0.268797     0.441126     0.506768     0.391219     0.206453     0.128618     0.108297     0.111209     0.128792     0.148548     0.150465     0.132981     0.117412     0.114785     0.133449     0.176541     0.194929     0.154743     0.092245     0.079005     0.201820     0.628451     0.882352     0.883286     0.613949     0.200712     0.090819     0.085228     0.094755     0.092371     0.087179     0.109736     0.191581     0.354166     0.575269     0.702754     0.678356     0.533150     0.360014     0.238727     0.166827     0.131961     0.111350 
    0.944442     0.924473     0.686972     0.189981     0.056138     0.055997     0.182233     0.642269     0.903424     0.924586     0.767564     0.346700     0.117878     0.088174     0.130125     0.214308     0.321342     0.307195     0.211805     0.140513     0.221638     0.584002     0.824963     0.861949     0.715474     0.313718     0.127067     0.087890     0.089032     0.099054     0.109066     0.121943     0.157351     0.222792     0.242303     0.195265     0.126505     0.083198     0.059282     0.049995     0.091888     0.316589     0.774796     0.928588     0.892018     0.590194     0.186369     0.089679     0.098295     0.137049     0.179067     0.234386     0.356599     0.578609     0.763328     0.841094     0.786355     0.516576     0.244988     0.136183     0.118671     0.174455     0.268712     0.302891 
    0.942079     0.929260     0.712762     0.193085     0.055238     0.067286     0.240556     0.741264     0.908247     0.845522     0.530276     0.186459     0.106857     0.182351     0.329909     0.422589     0.364547     0.192498     0.103495     0.103446     0.271657     0.758475     0.940217     0.955280     0.833180     0.392579     0.144315     0.096673     0.099920     0.106772     0.113757     0.151963     0.305011     0.588518     0.680648     0.548808     0.274495     0.101813     0.052183     0.061199     0.172090     0.541814     0.868101     0.935009     0.841843     0.457851     0.159547     0.126870     0.234307     0.419489     0.580535     0.687425     0.777430     0.860431     0.904956     0.883943     0.717052     0.328705     0.133945     0.097652     0.165470     0.426065     0.711778     0.781217 
    0.917561     0.923349     0.724333     0.204056     0.062077     0.086201     0.303148     0.780640     0.871048     0.674720     0.273407     0.112019     0.160680     0.468582     0.765096     0.826802     0.682412     0.287134     0.104396     0.097075     0.278541     0.781389     0.945902     0.947764     0.807139     0.367256     0.151118     0.128558     0.145858     0.141239     0.128381     0.183590     0.455530     0.825186     0.917615     0.859884     0.598909     0.205058     0.084964     0.116746     0.357567     0.770849     0.925103     0.914741     0.727091     0.301962     0.139761     0.204816     0.509469     0.774800     0.852054     0.861180     0.862994     0.869926     0.860052     0.783825     0.544210     0.236165     0.129233     0.134023     0.281258     0.690404     0.902515     0.933228 
    0.872070     0.920748     0.759020     0.251261     0.085975     0.118117     0.375181     0.785937     0.784596     0.422654     0.136971     0.087747     0.222635     0.695693     0.927370     0.958224     0.853004     0.441843     0.142018     0.101726     0.249348     0.697624     0.869941     0.838936     0.623567     0.268385     0.182498     0.265550     0.336208     0.283309     0.173258     0.183623     0.456804     0.859009     0.966582     0.955233     0.802454     0.347186     0.144986     0.211229     0.598942     0.885295     0.934627     0.838957     0.503114     0.178372     0.118583     0.233007     0.582680     0.793139     0.794344     0.722133     0.649378     0.602439     0.556102     0.464065     0.323562     0.217522     0.181549     0.195249     0.344108     0.711474     0.881010     0.887519 
    0.797445     0.916025     0.809752     0.351039     0.134595     0.162864     0.435021     0.755946     0.655214     0.250124     0.083001     0.074765     0.217497     0.692824     0.929025     0.965617     0.880595     0.515948     0.179159     0.124165     0.228665     0.509540     0.614655     0.493818     0.286187     0.184760     0.315477     0.635481     0.761274     0.643152     0.303191     0.174609     0.341936     0.776173     0.943962     0.962909     0.852351     0.432967     0.190535     0.265988     0.667926     0.881709     0.868838     0.651442     0.266826     0.106481     0.100311     0.187775     0.382288     0.470182     0.367449     0.245789     0.183762     0.167059     0.173004     0.188218     0.213542     0.249544     0.255773     0.231923     0.272767     0.457596     0.608764     0.591028 
    0.656966     0.874204     0.826501     0.450966     0.192167     0.198393     0.422264     0.650561     0.484372     0.173978     0.068644     0.061948     0.146705     0.460538     0.767939     0.843611     0.748062     0.415271     0.195005     0.206084     0.333924     0.429162     0.321916     0.192066     0.126121     0.175351     0.498157     0.851292     0.931785     0.841294     0.452452     0.170097     0.203692     0.529699     0.808549     0.874238     0.753668     0.362321     0.168265     0.211713     0.486192     0.689335     0.622860     0.342550     0.141893     0.097329     0.133604     0.212393     0.277221     0.228708     0.131849     0.072941     0.051585     0.052856     0.070845     0.109592     0.179267     0.264028     0.278288     0.214612     0.170277     0.185420     0.222664     0.226069 
    0.398456     0.696428     0.705302     0.411853     0.202795     0.191255     0.317578     0.452825     0.342398     0.170050     0.093856     0.071605     0.089861     0.179999     0.318154     0.388885     0.332490     0.214228     0.206549     0.405227     0.643948     0.597427     0.277365     0.119909     0.090386     0.182450     0.577757     0.902115     0.965383     0.890521     0.523134     0.162053     0.106053     0.208690     0.402553     0.510208     0.402598     0.197687     0.115861     0.128101     0.212764     0.286854     0.252756     0.161256     0.125382     0.184735     0.335124     0.480799     0.477613     0.294853     0.126911     0.056922     0.036743     0.038134     0.055256     0.095031     0.167204     0.244662     0.239386     0.169229     0.121617     0.122984     0.170629     0.229504 
    0.191282     0.326757     0.358708     0.243514     0.160981     0.155520     0.212471     0.297813     0.326675     0.304696     0.249998     0.189741     0.139346     0.117020     0.120517     0.126523     0.117303     0.116583     0.210778     0.549439     0.797484     0.696153     0.285836     0.110471     0.081995     0.156743     0.483063     0.843363     0.930095     0.852056     0.474254     0.143518     0.068588     0.080912     0.129148     0.167252     0.156132     0.122788     0.110260     0.113207     0.126112     0.138176     0.133460     0.131045     0.193079     0.428276     0.726694     0.839452     0.814080     0.624807     0.314881     0.148744     0.090825     0.080256     0.100069     0.158327     0.255068     0.320618     0.260028     0.161374     0.135693     0.214541     0.408083     0.606439 
    0.162431     0.165079     0.176786     0.160109     0.138600     0.131143     0.154535     0.238014     0.437126     0.666150     0.713765     0.630854     0.448498     0.258462     0.128763     0.076993     0.064394     0.080077     0.174795     0.482731     0.720220     0.578863     0.228102     0.098607     0.076297     0.112224     0.275884     0.599456     0.750028     0.677231     0.347648     0.129652     0.065542     0.053117     0.063115     0.089767     0.137918     0.202032     0.240541     0.223869     0.165340     0.124418     0.116865     0.141260     0.254211     0.576922     0.838346     0.910018     0.903371     0.835043     0.677921     0.477036     0.343468     0.304142     0.345574     0.472579     0.621037     0.647960     0.475241     0.258610     0.252700     0.500766     0.780036     0.896143 
    0.279386     0.162483     0.166860     0.198899     0.191958     0.148926     0.129784     0.192471     0.451123     0.806749     0.913447     0.910557     0.839491     0.643870     0.291904     0.111583     0.070347     0.086413     0.166848     0.369990     0.504695     0.332346     0.147504     0.092123     0.090968     0.104449     0.142687     0.235307     0.329453     0.362599     0.291406     0.194105     0.118399     0.074966     0.074688     0.143723     0.336392     0.584915     0.692405     0.621058     0.372821     0.174670     0.122016     0.133493     0.210864     0.427793     0.662936     0.751289     0.774420     0.787367     0.797510     0.792185     0.780188     0.778341     0.799019     0.843135     0.881925     0.863533     0.709086     0.425049     0.417708     0.716885     0.905123     0.960788 
    0.397767     0.225118     0.302046     0.449908     0.445654     0.277712     0.141803     0.140988     0.322865     0.729541     0.915226     0.960232     0.947995     0.849624     0.524361     0.206824     0.146742     0.211185     0.346624     0.515300     0.513214     0.274571     0.140232     0.139055     0.195169     0.213164     0.171079     0.140131     0.176110     0.312426     0.501829     0.510157     0.354092     0.198823     0.173228     0.354799     0.707979     0.885012     0.927207     0.871938     0.619840     0.241579     0.126704     0.116734     0.142097     0.193871     0.243627     0.263426     0.293301     0.387639     0.565570     0.728323     0.817992     0.857043     0.876272     0.892487     0.896672     0.849956     0.672632     0.387986     0.370681     0.645518     0.846722     0.908048 
    0.348379     0.275253     0.553481     0.794346     0.800707     0.555028     0.196454     0.104963     0.169344     0.441394     0.750947     0.881571     0.907526     0.838207     0.585349     0.322557     0.376259     0.614543     0.776941     0.831059     0.743179     0.422191     0.236673     0.322522     0.550022     0.603219     0.419858     0.205600     0.192066     0.426220     0.776083     0.855707     0.759275     0.511678     0.400494     0.634094     0.878790     0.962459     0.971555     0.909494     0.650221     0.241014     0.124634     0.128958     0.162295     0.171716     0.145799     0.111441     0.097800     0.123460     0.202647     0.338878     0.498968     0.608087     0.659521     0.681991     0.666499     0.559858     0.346528     0.185733     0.172102     0.302466     0.507439     0.613673 
    0.173576     0.237935     0.659519     0.897031     0.910530     0.704785     0.231246     0.085258     0.081027     0.162943     0.336750     0.535724     0.620799     0.548190     0.369565     0.323005     0.583382     0.851336     0.938407     0.942974     0.859122     0.575233     0.364145     0.537319     0.812788     0.869406     0.714638     0.333689     0.228597     0.452913     0.816382     0.912283     0.849945     0.625305     0.470779     0.652940     0.862265     0.935455     0.924593     0.804157     0.463274     0.176592     0.135100     0.235957     0.385310     0.422949     0.331961     0.202308     0.106259     0.075763     0.087070     0.120872     0.162342     0.192177     0.206831     0.214764     0.210568     0.177016     0.120809     0.082285     0.079225     0.111978     0.166045     0.193622 
    0.077782     0.188107     0.658809     0.903427     0.913220     0.693412     0.213676     0.072216     0.054456     0.075077     0.119123     0.169390     0.190309     0.170600     0.145251     0.211908     0.533177     0.856963     0.947821     0.939328     0.824851     0.499503     0.301020     0.466596     0.780241     0.877631     0.763262     0.368035     0.200353     0.305890     0.610709     0.736839     0.645910     0.380540     0.246676     0.350999     0.595785     0.722518     0.682496     0.463981     0.209808     0.115478     0.182702     0.504200     0.790306     0.853161     0.792020     0.585136     0.266211     0.113434     0.078921     0.080561     0.094048     0.112841     0.125709     0.129354     0.121049     0.098390     0.072440     0.060403     0.066663     0.089789     0.112791     0.111035 
    0.051013     0.174675     0.656371     0.891371     0.873581     0.567371     0.162924     0.064547     0.064221     0.092087     0.114873     0.113092     0.091356     0.070461     0.067157     0.112578     0.302123     0.649750     0.801678     0.781127     0.582362     0.262661     0.148286     0.224300     0.473509     0.662356     0.603327     0.309386     0.158812     0.150129     0.222016     0.262671     0.218908     0.134087     0.095229     0.119703     0.189470     0.237638     0.218633     0.146947     0.086916     0.087297     0.214926     0.657104     0.914709     0.967646     0.949261     0.841843     0.508395     0.188374     0.102702     0.100827     0.148584     0.248818     0.323959     0.341283     0.297520     0.203380     0.113563     0.089133     0.126949     0.213495     0.270492     0.235422 
    0.063017     0.222134     0.709150     0.891259     0.818941     0.398596     0.117127     0.075626     0.137561     0.257448     0.321088     0.273621     0.162889     0.080339     0.051611     0.060824     0.117327     0.234236     0.322337     0.309301     0.210616     0.111550     0.078145     0.099395     0.180553     0.296468     0.362800     0.305656     0.205194     0.130817     0.101535     0.091573     0.078060     0.062674     0.059559     0.073052     0.096438     0.110711     0.103647     0.082039     0.065503     0.078160     0.188864     0.585800     0.879787     0.954466     0.951442     0.871679     0.578498     0.222989     0.125914     0.151654     0.324032     0.656138     0.807648     0.833746     0.777119     0.572845     0.271436     0.198251     0.354663     0.635836     0.751181     0.658796 
    0.116624     0.365586     0.802097     0.905584     0.773421     0.293313     0.101370     0.127669     0.369308     0.703253     0.806505     0.737875     0.483498     0.206757     0.087651     0.056573     0.061367     0.084967     0.106858     0.111567     0.104730     0.097139     0.092123     0.090286     0.108443     0.178501     0.336302     0.508165     0.460161     0.271891     0.130440     0.072835     0.057244     0.062352     0.089682     0.144551     0.204181     0.232565     0.221411     0.180476     0.129153     0.099055     0.133026     0.330151     0.643377     0.784440     0.798148     0.701693     0.425176     0.193666     0.134514     0.186703     0.442907     0.816372     0.937360     0.956576     0.921968     0.770118     0.429160     0.346937     0.630447     0.875443     0.938878     0.871203 
    0.209707     0.575258     0.878993     0.910529     0.714732     0.237614     0.103796     0.197475     0.619733     0.900335     0.958631     0.930911     0.808487     0.527198     0.249584     0.123116     0.074860     0.061113     0.067262     0.097185     0.171015     0.246143     0.258928     0.203382     0.139995     0.171546     0.377057     0.712435     0.782354     0.626344     0.334085     0.163036     0.109441     0.128389     0.236688     0.453143     0.646121     0.717080     0.700154     0.601211     0.414172     0.228319     0.127784     0.137715     0.217265     0.286461     0.319579     0.317297     0.268960     0.205171     0.161521     0.176982     0.358033     0.709074     0.864059     0.893842     0.840815     0.650620     0.338545     0.307610     0.631900     0.894383     0.952844     0.876330 
    0.258712     0.645086     0.879152     0.857873     0.568997     0.180206     0.098444     0.212494     0.654332     0.911705     0.963214     0.953596     0.912672     0.816826     0.633227     0.381889     0.190413     0.096358     0.092240     0.196831     0.490783     0.719371     0.745499     0.575958     0.265100     0.173125     0.301896     0.654040     0.841669     0.843619     0.707241     0.487280     0.336194     0.332283     0.521167     0.759273     0.868838     0.898733     0.898095     0.873728     0.786246     0.543962     0.219756     0.098887     0.082680     0.095940     0.133042     0.235158     0.392213     0.424457     0.300305     0.177125     0.191044     0.331928     0.486347     0.534260     0.438083     0.266322     0.143983     0.159607     0.403062     0.773722     0.871034     0.731349 
