    0.827178     0.761248     0.384465     0.196905     0.307003     0.732665     0.923357     0.937167     0.780493     0.304781     0.109399     0.090781     0.194309     0.481996     0.717372     0.740754     0.538099     0.215949     0.119281     0.166714     0.413940     0.707025     0.727245     0.535569     0.280479     0.189978     0.371339     0.800103     0.937849     0.910721     0.696042     0.339762     0.350440     0.672299     0.801090     0.683416     0.321538     0.128058     0.155820     0.356549     0.607781     0.633034     0.369380     0.155695     0.099382     0.152859     0.431250     0.773885     0.741455     0.413637     0.214679     0.274138     0.525503     0.684926     0.629475     0.350588     0.186482     0.154270     0.237785     0.445439     0.565573     0.491742     0.298347     0.220473 
    0.536896     0.523357     0.286655     0.193410     0.339239     0.760062     0.923083     0.918078     0.727197     0.267576     0.108104     0.135423     0.391203     0.795134     0.932574     0.928250     0.754785     0.293386     0.132434     0.193761     0.549729     0.870408     0.925919     0.852410     0.624517     0.331647     0.387974     0.724987     0.861119     0.817876     0.562045     0.241991     0.194898     0.316587     0.393064     0.299589     0.160504     0.157865     0.375187     0.727102     0.880351     0.836237     0.484154     0.162128     0.079859     0.117871     0.376081     0.786204     0.834781     0.616139     0.367861     0.470562     0.762397     0.856517     0.731004     0.339565     0.157919     0.174246     0.411281     0.770100     0.871045     0.786345     0.442439     0.163905 
    0.235359     0.242232     0.169941     0.144783     0.245752     0.573769     0.777706     0.756620     0.482509     0.168869     0.091720     0.168049     0.535364     0.894551     0.977269     0.951784     0.761451     0.273892     0.111146     0.158833     0.487987     0.868971     0.962302     0.941615     0.783958     0.380212     0.250732     0.371222     0.485853     0.430555     0.250173     0.124112     0.099683     0.125835     0.144297     0.125525     0.128951     0.289303     0.677672     0.895690     0.936792     0.825702     0.402826     0.123896     0.063846     0.116465     0.399380     0.798036     0.845644     0.618655     0.331625     0.381926     0.645369     0.742706     0.594271     0.262540     0.138221     0.183268     0.480075     0.852010     0.942142     0.881353     0.553143     0.156190 
    0.150893     0.155923     0.125129     0.105094     0.132138     0.247834     0.393830     0.410797     0.245461     0.110331     0.079122     0.154158     0.486627     0.853868     0.937152     0.873925     0.589798     0.185819     0.075987     0.101798     0.312720     0.749939     0.919567     0.922933     0.757603     0.317764     0.142331     0.139144     0.171999     0.170618     0.129833     0.093272     0.077207     0.076394     0.080284     0.091664     0.176379     0.513646     0.846136     0.936119     0.896893     0.670702     0.248058     0.090701     0.085353     0.204988     0.565675     0.836378     0.804211     0.458163     0.186220     0.162150     0.252481     0.317290     0.264161     0.152601     0.107249     0.144073     0.362344     0.756671     0.904671     0.876767     0.580194     0.155726 
    0.182370     0.194784     0.143780     0.096331     0.088958     0.134770     0.256453     0.369323     0.304163     0.178660     0.103840     0.116454     0.282799     0.602548     0.713445     0.584388     0.280838     0.099778     0.056327     0.071187     0.171592     0.467260     0.724544     0.747799     0.532737     0.203926     0.095741     0.093532     0.144380     0.208921     0.227742     0.192610     0.130937     0.086280     0.074916     0.101597     0.252012     0.694199     0.903134     0.907075     0.752728     0.390097     0.149172     0.123010     0.228086     0.483815     0.779644     0.863300     0.705773     0.285118     0.101167     0.074514     0.103571     0.146299     0.160013     0.132049     0.099362     0.099799     0.185333     0.448460     0.726568     0.798107     0.559670     0.165947 
    0.367224     0.423022     0.280144     0.130174     0.090191     0.149461     0.399874     0.688164     0.706369     0.512209     0.247600     0.119663     0.127556     0.205655     0.241165     0.194160     0.117868     0.084760     0.087517     0.104912     0.139600     0.219164     0.308535     0.310854     0.212232     0.111944     0.088637     0.148474     0.352182     0.594327     0.683164     0.606648     0.380213     0.170071     0.097636     0.118649     0.288636     0.717507     0.862673     0.773028     0.467411     0.198932     0.152020     0.308081     0.603701     0.806184     0.876690     0.799609     0.489559     0.161865     0.065288     0.062492     0.113716     0.213598     0.289924     0.259048     0.150894     0.089333     0.089767     0.172820     0.395517     0.667030     0.587959     0.245532 
    0.696507     0.790531     0.601246     0.232470     0.115933     0.197072     0.586088     0.877105     0.924227     0.839965     0.556271     0.197738     0.095684     0.089791     0.101081     0.116642     0.153853     0.220901     0.290532     0.332101     0.313814     0.235708     0.168698     0.134370     0.103218     0.084802     0.114640     0.291314     0.703682     0.893116     0.935620     0.903009     0.742838     0.352527     0.142815     0.123542     0.238714     0.536919     0.636768     0.453611     0.215431     0.134583     0.233434     0.604638     0.847284     0.892347     0.807189     0.551895     0.228686     0.084391     0.060562     0.117705     0.304086     0.591764     0.734446     0.651512     0.319223     0.117403     0.064783     0.085116     0.237245     0.639880     0.739112     0.505770 
    0.838365     0.925133     0.801938     0.360769     0.144203     0.201140     0.591714     0.898005     0.967648     0.939220     0.754809     0.295875     0.117048     0.095035     0.142822     0.265664     0.474819     0.688753     0.797155     0.822463     0.747181     0.472977     0.196666     0.107564     0.083636     0.084867     0.143808     0.409279     0.842856     0.969421     0.992210     0.976039     0.874140     0.496934     0.177436     0.114607     0.156482     0.260681     0.281977     0.189000     0.113455     0.120376     0.277243     0.692388     0.859351     0.791143     0.517128     0.222462     0.088123     0.054718     0.095149     0.299180     0.681538     0.884990     0.935179     0.854521     0.476928     0.147564     0.062043     0.068939     0.215722     0.698830     0.874611     0.801755 
    0.871946     0.954714     0.865844     0.446851     0.154477     0.149212     0.400637     0.775538     0.913839     0.914774     0.756901     0.329991     0.156223     0.179282     0.375073     0.664342     0.837182     0.917976     0.948891     0.945332     0.871832     0.589808     0.227048     0.114974     0.091387     0.092264     0.144802     0.391981     0.821009     0.957350     0.984447     0.967843     0.857942     0.467937     0.164819     0.104158     0.130172     0.180556     0.176982     0.121901     0.087813     0.103567     0.216892     0.519460     0.662776     0.487367     0.210539     0.080450     0.043547     0.056744     0.172068     0.586309     0.887655     0.971245     0.972410     0.870426     0.461016     0.136324     0.057713     0.068641     0.226287     0.744211     0.931615     0.929511 
    0.865446     0.942668     0.847056     0.424414     0.137141     0.091425     0.177985     0.419325     0.653815     0.696827     0.529606     0.253422     0.183399     0.307997     0.654235     0.861950     0.923567     0.934413     0.921715     0.875665     0.745907     0.436763     0.192945     0.140765     0.136806     0.121887     0.127382     0.257240     0.610758     0.821946     0.882681     0.851800     0.674601     0.295261     0.121430     0.110531     0.193368     0.296939     0.282201     0.168587     0.094434     0.085589     0.134121     0.269167     0.384826     0.282184     0.130177     0.059174     0.041427     0.071976     0.247788     0.756040     0.951787     0.983707     0.947130     0.769993     0.314943     0.097611     0.051537     0.069806     0.226114     0.740718     0.943294     0.968510 
    0.825006     0.863880     0.701087     0.291011     0.099673     0.059858     0.077077     0.140772     0.222311     0.252662     0.207559     0.148783     0.166661     0.317061     0.639134     0.794261     0.803866     0.755441     0.663031     0.506320     0.322747     0.190797     0.171427     0.266771     0.324914     0.251375     0.141429     0.133536     0.235722     0.381167     0.476256     0.436357     0.281400     0.134925     0.095047     0.170246     0.445700     0.686513     0.660559     0.379785     0.141545     0.082816     0.105672     0.218928     0.427387     0.431096     0.276521     0.144535     0.080084     0.094084     0.278679     0.775918     0.942769     0.946160     0.837853     0.517981     0.173412     0.071550     0.056086     0.075709     0.203601     0.658110     0.912900     0.963693 
    0.713697     0.603563     0.351568     0.140191     0.065603     0.053102     0.068014     0.099563     0.132474     0.142247     0.124260     0.108583     0.126546     0.195747     0.322921     0.379512     0.326842     0.244481     0.177123     0.123721     0.090014     0.107245     0.268638     0.617690     0.746861     0.587890     0.227399     0.101992     0.096345     0.132178     0.166732     0.158769     0.114453     0.081161     0.103409     0.281115     0.727764     0.905364     0.888826     0.655601     0.219399     0.092219     0.111663     0.292961     0.697704     0.811653     0.724869     0.481963     0.235581     0.140444     0.244886     0.626765     0.806827     0.769391     0.537296     0.232323     0.103636     0.090702     0.102732     0.110867     0.170878     0.453518     0.775391     0.873492 
    0.539298     0.264325     0.126702     0.069979     0.062328     0.093690     0.167406     0.255130     0.310208     0.294052     0.209149     0.127580     0.108055     0.124420     0.155117     0.162444     0.128530     0.083121     0.050443     0.034049     0.041186     0.123514     0.456782     0.836355     0.916480     0.774252     0.298708     0.105562     0.079764     0.112121     0.152447     0.149810     0.108167     0.083926     0.127440     0.378934     0.838524     0.962903     0.950702     0.775857     0.270769     0.097854     0.114553     0.335912     0.808152     0.941708     0.934701     0.835740     0.575260     0.244399     0.177909     0.285253     0.365760     0.308412     0.186411     0.112966     0.140645     0.241763     0.306921     0.264619     0.182725     0.231533     0.401027     0.519728 
    0.441787     0.148059     0.073063     0.073953     0.133044     0.290579     0.552613     0.743197     0.804445     0.757387     0.537501     0.225446     0.120229     0.111740     0.142488     0.188570     0.181191     0.123018     0.069412     0.045106     0.064426     0.210311     0.660193     0.912609     0.938738     0.774265     0.289198     0.112102     0.127223     0.260764     0.391062     0.371551     0.219251     0.120314     0.144814     0.399281     0.844010     0.963062     0.953643     0.792130     0.279791     0.093893     0.098859     0.288252     0.768526     0.945655     0.976243     0.943809     0.783479     0.354578     0.156204     0.131757     0.132554     0.109689     0.092081     0.145919     0.369556     0.676029     0.774608     0.643252     0.288355     0.149647     0.151174     0.177582 
    0.414356     0.140027     0.098062     0.170715     0.386310     0.691651     0.868934     0.940666     0.959782     0.930466     0.765497     0.330162     0.143112     0.131561     0.234459     0.461032     0.541666     0.428823     0.276579     0.195931     0.214032     0.421411     0.789275     0.913628     0.871029     0.611578     0.210740     0.123520     0.266451     0.640461     0.818044     0.774824     0.467930     0.181314     0.139034     0.311004     0.732454     0.903795     0.910973     0.745509     0.268191     0.091809     0.077822     0.186098     0.559214     0.844414     0.934741     0.928827     0.787068     0.361746     0.143788     0.093135     0.081722     0.082969     0.130892     0.325168     0.701028     0.898157     0.927878     0.790915     0.342756     0.129260     0.089179     0.094859 
    0.364797     0.162093     0.182591     0.406661     0.730603     0.887823     0.941856     0.961056     0.963957     0.930799     0.763573     0.325427     0.141917     0.151949     0.357380     0.757306     0.880562     0.859755     0.782198     0.690456     0.643307     0.703750     0.803358     0.789686     0.620230     0.297493     0.117605     0.140377     0.438742     0.836033     0.939480     0.881569     0.563297     0.195658     0.109239     0.171508     0.416981     0.673255     0.748470     0.626422     0.283536     0.124643     0.079548     0.102457     0.245183     0.516946     0.717093     0.742828     0.570219     0.247087     0.116348     0.087161     0.093753     0.149623     0.325194     0.649000     0.873361     0.940223     0.909505     0.712679     0.277111     0.112187     0.096697     0.129836 
    0.238979     0.165127     0.260290     0.573373     0.812299     0.863658     0.851325     0.836865     0.820475     0.751631     0.523143     0.210913     0.110579     0.137294     0.351746     0.790876     0.939413     0.959604     0.937367     0.885324     0.794211     0.672709     0.550083     0.386192     0.220959     0.104180     0.071855     0.167140     0.569420     0.877443     0.919583     0.797467     0.419970     0.146498     0.081370     0.089621     0.152516     0.259950     0.384777     0.481130     0.423718     0.285704     0.153062     0.089644     0.101054     0.171859     0.261225     0.294731     0.229694     0.132282     0.093178     0.095878     0.149398     0.341258     0.671526     0.857352     0.909162     0.873322     0.730411     0.421440     0.164745     0.115888     0.195479     0.348225 
    0.126105     0.132317     0.219652     0.429569     0.575561     0.529739     0.411454     0.335522     0.300537     0.259203     0.182838     0.109146     0.087213     0.109010     0.241974     0.618899     0.852865     0.921893     0.914160     0.832217     0.626226     0.347514     0.195303     0.119933     0.075125     0.056116     0.082334     0.232748     0.643229     0.830583     0.764783     0.504939     0.211208     0.101868     0.083247     0.081875     0.086202     0.114800     0.214024     0.480098     0.714998     0.673376     0.382209     0.144706     0.083856     0.097955     0.147785     0.182974     0.161211     0.113523     0.091071     0.109136     0.211725     0.527968     0.817211     0.875163     0.799641     0.602507     0.334805     0.163385     0.109710     0.189000     0.480451     0.759286 
    0.078415     0.095233     0.135152     0.195366     0.213950     0.166057     0.111453     0.083522     0.077152     0.081056     0.091144     0.108317     0.121975     0.121460     0.146721     0.289776     0.523747     0.675489     0.670938     0.504350     0.266186     0.125454     0.072908     0.056983     0.062211     0.099336     0.202320     0.433172     0.705049     0.678991     0.417005     0.198825     0.115349     0.131728     0.175380     0.169815     0.118931     0.095570     0.161372     0.449858     0.812533     0.855295     0.612373     0.222561     0.116452     0.158179     0.295881     0.390737     0.344969     0.209455     0.115722     0.110112     0.198029     0.464637     0.698477     0.668626     0.443813     0.226103     0.117246     0.086781     0.129736     0.330375     0.717940     0.888180 
    0.076299     0.086607     0.106482     0.128214     0.127159     0.097781     0.064870     0.045481     0.045908     0.075878     0.155935     0.272599     0.334046     0.274767     0.160914     0.133136     0.172711     0.218824     0.219391     0.164012     0.097288     0.060481     0.051596     0.069581     0.145357     0.322272     0.579922     0.759555     0.765776     0.480102     0.190433     0.102352     0.145275     0.342299     0.535960     0.509781     0.287359     0.128494     0.127403     0.321393     0.721012     0.823160     0.605719     0.237623     0.169114     0.351527     0.703141     0.828420     0.773591     0.504527     0.190670     0.109435     0.140379     0.249688     0.334813     0.271259     0.156435     0.087872     0.070259     0.099601     0.218718     0.496782     0.752392     0.795024 
    0.183629     0.172569     0.186302     0.223636     0.247691     0.225571     0.173683     0.129320     0.130734     0.224726     0.471448     0.726832     0.797069     0.665264     0.297641     0.124290     0.089606     0.097287     0.109893     0.103565     0.081818     0.063886     0.069222     0.138782     0.391107     0.729514     0.877035     0.895682     0.748960     0.321155     0.113451     0.100916     0.268681     0.700909     0.879148     0.849992     0.574479     0.192478     0.103846     0.184711     0.462923     0.611973     0.401254     0.180317     0.192747     0.501861     0.867993     0.958490     0.929072     0.731436     0.285191     0.135263     0.151276     0.217957     0.233081     0.159451     0.089666     0.064991     0.082192     0.174755     0.412556     0.632624     0.615687     0.418988 
    0.617262     0.541475     0.527428     0.601859     0.683090     0.692580     0.620748     0.514285     0.494654     0.630267     0.813842     0.919451     0.934760     0.815311     0.391717     0.143568     0.094648     0.128695     0.207204     0.242892     0.207104     0.139849     0.119158     0.236926     0.637308     0.889382     0.939378     0.876213     0.604991     0.203472     0.083227     0.115472     0.371479     0.840949     0.961984     0.927507     0.671974     0.213177     0.092771     0.135577     0.327808     0.458957     0.282467     0.136050     0.162674     0.450701     0.843981     0.952383     0.935125     0.768894     0.353590     0.230974     0.338969     0.476056     0.461162     0.282884     0.124135     0.079433     0.120032     0.320650     0.676547     0.756029     0.524506     0.199515 
    0.859963     0.790241     0.732027     0.758524     0.833040     0.876646     0.871797     0.832855     0.803436     0.827655     0.880340     0.911713     0.888801     0.727810     0.324028     0.136389     0.135874     0.305257     0.605622     0.723069     0.648087     0.404940     0.214138     0.273431     0.624138     0.839984     0.849013     0.685176     0.325410     0.109243     0.062059     0.111145     0.375423     0.843604     0.948327     0.877718     0.548968     0.169500     0.095613     0.196482     0.487991     0.621037     0.391373     0.148335     0.114496     0.261645     0.618086     0.796456     0.788961     0.611632     0.351667     0.425312     0.719322     0.852749     0.837535     0.634764     0.250360     0.115080     0.162962     0.469103     0.824507     0.857302     0.619730     0.209275 
    0.811015     0.680906     0.540092     0.532083     0.654584     0.768582     0.811789     0.789841     0.733056     0.692253     0.687916     0.681290     0.600846     0.388398     0.174602     0.110646     0.185272     0.530577     0.858821     0.938145     0.901140     0.703322     0.308927     0.210181     0.345781     0.515676     0.500861     0.310541     0.134300     0.060567     0.048195     0.089861     0.296326     0.754143     0.854601     0.681473     0.291757     0.105186     0.122039     0.376766     0.762980     0.845987     0.636041     0.209419     0.088071     0.110642     0.220869     0.320008     0.324171     0.253189     0.242230     0.510437     0.860265     0.960933     0.957015     0.826909     0.389196     0.150780     0.178732     0.509022     0.865619     0.919012     0.772119     0.342903 
    0.432158     0.272558     0.178217     0.166322     0.225318     0.319859     0.381007     0.355079     0.280706     0.225876     0.208821     0.211535     0.200667     0.152306     0.100808     0.093132     0.187870     0.567695     0.894097     0.970388     0.946036     0.769497     0.311059     0.143551     0.158107     0.234747     0.259592     0.185447     0.102176     0.057110     0.046764     0.076046     0.225013     0.598978     0.654469     0.352914     0.122623     0.070530     0.167857     0.592834     0.895846     0.935640     0.773210     0.269523     0.087069     0.065996     0.090671     0.115506     0.115396     0.106013     0.156482     0.434375     0.842401     0.963149     0.967988     0.854788     0.426107     0.155723     0.154382     0.415825     0.816566     0.917692     0.828744     0.456015 
    0.133267     0.095766     0.073397     0.074365     0.098841     0.132031     0.144321     0.123691     0.092505     0.073233     0.074858     0.102602     0.146633     0.161884     0.130725     0.100387     0.144565     0.397903     0.774762     0.905600     0.880519     0.651478     0.235902     0.110355     0.136183     0.278281     0.408744     0.374035     0.233474     0.108586     0.067776     0.098344     0.267531     0.583024     0.567494     0.236871     0.077604     0.064513     0.199491     0.692244     0.933335     0.955758     0.810898     0.311353     0.108884     0.087855     0.106048     0.111509     0.092098     0.074384     0.101206     0.267538     0.664416     0.861730     0.881962     0.732428     0.322495     0.125380     0.112886     0.256351     0.607052     0.770463     0.690376     0.362206 
    0.078358     0.070497     0.070002     0.089475     0.135408     0.168475     0.145516     0.093715     0.059473     0.051013     0.077934     0.184258     0.361968     0.446775     0.348616     0.180583     0.115006     0.189264     0.424498     0.635919     0.619419     0.361503     0.143664     0.102817     0.207622     0.572953     0.804661     0.810756     0.622649     0.262641     0.127458     0.184676     0.496432     0.772278     0.729804     0.368763     0.119195     0.076678     0.194661     0.646094     0.902082     0.926334     0.775792     0.340536     0.192855     0.244632     0.312806     0.299619     0.194958     0.096965     0.074791     0.125769     0.293078     0.490903     0.533061     0.373277     0.169528     0.091994     0.088310     0.138044     0.256215     0.337879     0.292496     0.169050 
    0.142086     0.108384     0.109910     0.182447     0.358091     0.460767     0.363291     0.177566     0.077109     0.062982     0.141263     0.455821     0.782902     0.862342     0.758651     0.400614     0.139193     0.096970     0.156010     0.256526     0.284489     0.186102     0.103691     0.106344     0.262503     0.727103     0.928625     0.946804     0.825121     0.421503     0.199926     0.297500     0.717915     0.904814     0.889745     0.664061     0.256949     0.109667     0.153704     0.429054     0.721775     0.762434     0.596609     0.342455     0.415984     0.683326     0.805471     0.771529     0.523089     0.184348     0.081327     0.077953     0.122319     0.180021     0.190727     0.144517     0.098071     0.089725     0.112205     0.139735     0.154910     0.145482     0.117108     0.086235 
    0.407538     0.222174     0.184524     0.349007     0.714551     0.841703     0.754971     0.415282     0.134398     0.083763     0.207804     0.679362     0.930504     0.975110     0.908637     0.594329     0.178954     0.080225     0.103647     0.208096     0.300524     0.238019     0.128743     0.107530     0.229657     0.648437     0.889712     0.925343     0.801698     0.400855     0.197008     0.309884     0.746454     0.931611     0.950786     0.841676     0.460902     0.166023     0.118098     0.189991     0.299247     0.317415     0.256270     0.264571     0.566689     0.873715     0.958416     0.936435     0.746666     0.276779     0.109880     0.101085     0.136810     0.159727     0.138028     0.101868     0.094800     0.140318     0.257542     0.328632     0.278944     0.163700     0.090677     0.071580 
    0.725926     0.355782     0.222623     0.386852     0.787191     0.928759     0.901790     0.659934     0.216488     0.099953     0.217851     0.704428     0.943609     0.983955     0.918479     0.603759     0.178245     0.083855     0.147735     0.417135     0.644915     0.545323     0.233209     0.111773     0.139829     0.351438     0.644789     0.725262     0.553715     0.234749     0.126264     0.208288     0.572549     0.852409     0.928082     0.870093     0.563409     0.209298     0.114180     0.112152     0.127050     0.122009     0.113845     0.181954     0.505079     0.859428     0.954888     0.932385     0.746032     0.300673     0.167910     0.248631     0.373568     0.399571     0.280665     0.146852     0.132126     0.273086     0.629199     0.772795     0.687410     0.388636     0.154168     0.101427 
    0.729128     0.313393     0.160061     0.250929     0.631467     0.885493     0.925175     0.780500     0.318742     0.114831     0.170798     0.546722     0.859348     0.923002     0.818057     0.430286     0.130765     0.086486     0.225402     0.681769     0.876495     0.787085     0.352837     0.122267     0.084492     0.141820     0.270121     0.344436     0.255486     0.124622     0.076745     0.105437     0.264983     0.561729     0.738928     0.708375     0.436419     0.189523     0.120486     0.113804     0.109333     0.089689     0.075798     0.108799     0.284236     0.631219     0.784683     0.749756     0.517362     0.245034     0.285036     0.619482     0.814664     0.822673     0.625759     0.255063     0.172979     0.366366     0.799956     0.929637     0.899832     0.704441     0.327523     0.175205 
    0.459272     0.172072     0.084758     0.115660     0.335386     0.745057     0.904214     0.847492     0.486970     0.153980     0.114265     0.272179     0.564669     0.668759     0.507510     0.209958     0.081050     0.087453     0.278422     0.774599     0.920811     0.822866     0.372190     0.123238     0.080328     0.132009     0.261549     0.359665     0.297129     0.157001     0.079122     0.066896     0.105636     0.200747     0.296264     0.301628     0.210014     0.142288     0.142922     0.189281     0.206459     0.155997     0.096492     0.075138     0.111346     0.209761     0.280615     0.265515     0.189246     0.166527     0.379204     0.815591     0.950528     0.941924     0.765057     0.298840     0.161235     0.317134     0.763840     0.935346     0.950771     0.862861     0.576572     0.273682 
    0.169485     0.084679     0.051682     0.058831     0.162777     0.533214     0.860678     0.895321     0.681392     0.234158     0.099417     0.117106     0.197434     0.239678     0.192176     0.113070     0.081926     0.121729     0.338763     0.764494     0.858263     0.698359     0.282176     0.116771     0.134184     0.323585     0.621520     0.757373     0.683720     0.384150     0.141292     0.076131     0.080996     0.121137     0.160525     0.158352     0.128598     0.128663     0.208093     0.425732     0.554780     0.450725     0.255396     0.125749     0.079571     0.080694     0.091255     0.090169     0.085902     0.134986     0.400960     0.847807     0.960964     0.929875     0.705728     0.240842     0.109230     0.187610     0.541454     0.841906     0.933079     0.913219     0.742499     0.356757 
    0.124214     0.095457     0.064324     0.051182     0.098773     0.348548     0.799390     0.912582     0.789133     0.324594     0.115877     0.081922     0.098665     0.128957     0.168845     0.202843     0.231957     0.306083     0.499198     0.692250     0.633871     0.382606     0.162444     0.123203     0.265727     0.666998     0.887422     0.941888     0.895361     0.651137     0.235875     0.113960     0.133564     0.228471     0.283569     0.230976     0.142236     0.132139     0.264490     0.651922     0.849877     0.832801     0.666247     0.379631     0.193569     0.118259     0.094892     0.087672     0.087376     0.127730     0.337309     0.754716     0.877433     0.796643     0.468652     0.148116     0.066945     0.088738     0.241941     0.577896     0.827183     0.899087     0.812478     0.451424 
    0.317411     0.273996     0.163450     0.080705     0.082464     0.235912     0.684334     0.877622     0.793126     0.354061     0.128039     0.083021     0.099148     0.182744     0.406876     0.627142     0.722481     0.751795     0.733342     0.574338     0.314010     0.156555     0.099635     0.142884     0.394315     0.822376     0.954018     0.968757     0.913668     0.681413     0.264254     0.161331     0.286725     0.598593     0.708437     0.558646     0.250468     0.135096     0.222318     0.599495     0.871712     0.930885     0.893992     0.775299     0.586148     0.404073     0.311181     0.262671     0.207264     0.162004     0.227911     0.449106     0.556842     0.435760     0.218624     0.098739     0.062782     0.059214     0.098662     0.243726     0.545018     0.782871     0.799385     0.526768 
    0.812083     0.748890     0.469254     0.162464     0.085461     0.151590     0.454336     0.738859     0.672185     0.285636     0.115165     0.086015     0.123404     0.297438     0.706046     0.889604     0.930016     0.912404     0.794973     0.431578     0.163616     0.085531     0.081892     0.146903     0.395800     0.784001     0.894674     0.874903     0.753355     0.452752     0.188688     0.174894     0.422161     0.816855     0.908946     0.806424     0.424217     0.145639     0.131496     0.331043     0.683555     0.859631     0.907200     0.894824     0.854723     0.815684     0.793066     0.747645     0.588881     0.303168     0.180278     0.190582     0.208206     0.186011     0.167068     0.166014     0.149122     0.109701     0.081946     0.106668     0.233832     0.480135     0.622005     0.469218 
    0.965493     0.925738     0.703758     0.240742     0.093576     0.106314     0.273373     0.539294     0.491824     0.211239     0.097049     0.081546     0.125184     0.316838     0.749089     0.919666     0.946680     0.901504     0.704684     0.287474     0.106276     0.071586     0.085897     0.136157     0.266745     0.492312     0.570983     0.480850     0.313081     0.167415     0.099536     0.138208     0.391778     0.825752     0.941805     0.893482     0.605385     0.183917     0.080381     0.124030     0.286830     0.529834     0.701444     0.773818     0.816964     0.865196     0.903581     0.902776     0.791247     0.430552     0.181420     0.118319     0.119842     0.179009     0.355852     0.516159     0.516480     0.363347     0.185390     0.098366     0.113121     0.205199     0.307451     0.289996 
    0.967110     0.918126     0.684220     0.234719     0.098945     0.126986     0.327834     0.596872     0.558536     0.269577     0.111148     0.077464     0.099514     0.216068     0.542881     0.769326     0.806833     0.704513     0.418470     0.158634     0.082477     0.091304     0.141293     0.191875     0.209621     0.207697     0.182727     0.141207     0.100402     0.072117     0.062275     0.091946     0.257860     0.698127     0.909750     0.920415     0.742958     0.275573     0.082683     0.057504     0.091331     0.159923     0.236280     0.313730     0.433273     0.610586     0.750737     0.796658     0.695424     0.364539     0.156265     0.099899     0.120609     0.284638     0.698943     0.878312     0.894266     0.789801     0.476923     0.166336     0.092949     0.110393     0.152725     0.173405 
    0.817836     0.720960     0.421693     0.156342     0.107942     0.228840     0.610511     0.830069     0.802929     0.517841     0.183532     0.087441     0.080293     0.122925     0.242761     0.368249     0.376044     0.275503     0.154816     0.087307     0.093880     0.193736     0.374250     0.475599     0.381891     0.202157     0.107888     0.083710     0.084167     0.082160     0.069716     0.068801     0.141798     0.447926     0.826545     0.923829     0.843004     0.463032     0.132835     0.055526     0.053308     0.074922     0.101931     0.121024     0.143883     0.197363     0.278430     0.340984     0.311087     0.193048     0.115251     0.090145     0.125922     0.343202     0.814803     0.964143     0.983697     0.932598     0.703841     0.243914     0.100676     0.086631     0.101803     0.118521 
    0.308946     0.252468     0.149935     0.090378     0.123499     0.353000     0.803247     0.941049     0.925324     0.733349     0.279234     0.112071     0.092589     0.139533     0.235782     0.300701     0.253221     0.150033     0.087923     0.079991     0.160846     0.466800     0.773429     0.846119     0.736019     0.423984     0.222225     0.205140     0.242537     0.238461     0.161897     0.087837     0.091336     0.255611     0.704605     0.911294     0.907656     0.671272     0.215362     0.080154     0.072456     0.119208     0.177635     0.181139     0.131603     0.096211     0.101197     0.124681     0.141046     0.136658     0.116357     0.094596     0.114510     0.292204     0.752855     0.939052     0.973476     0.930693     0.717007     0.261658     0.117787     0.105286     0.111444     0.109145 
    0.095570     0.086422     0.069255     0.068980     0.128312     0.387530     0.829775     0.950846     0.936115     0.765195     0.311638     0.136527     0.151426     0.325898     0.573441     0.656402     0.522932     0.258190     0.115699     0.105526     0.250381     0.700660     0.918094     0.948125     0.881893     0.704117     0.565143     0.639308     0.737191     0.710553     0.464788     0.170560     0.090715     0.168213     0.540012     0.866187     0.916837     0.744605     0.271777     0.113807     0.143992     0.340465     0.553391     0.553250     0.340414     0.139394     0.080569     0.090682     0.147560     0.225720     0.229141     0.157085     0.110757     0.179541     0.479472     0.756205     0.834631     0.773704     0.520262     0.226093     0.189200     0.245276     0.260346     0.201448 
    0.077536     0.082334     0.080723     0.083164     0.120034     0.292125     0.672517     0.825891     0.801601     0.587985     0.240593     0.143716     0.241183     0.611576     0.858460     0.907335     0.822963     0.509684     0.191767     0.133928     0.280115     0.722073     0.909057     0.918317     0.834719     0.694419     0.665651     0.811971     0.909960     0.900697     0.695991     0.254736     0.104957     0.124704     0.347340     0.721351     0.813870     0.631228     0.241651     0.136100     0.262354     0.683049     0.880082     0.881537     0.689495     0.264408     0.110170     0.128519     0.308823     0.576188     0.613887     0.404311     0.178707     0.111116     0.170736     0.284897     0.351249     0.316665     0.225074     0.216262     0.439022     0.679502     0.719978     0.553441 
    0.224780     0.249517     0.243979     0.208977     0.164231     0.175807     0.290863     0.379162     0.358095     0.246837     0.141122     0.130434     0.258592     0.658952     0.891907     0.938837     0.878974     0.603923     0.226904     0.131753     0.208395     0.500075     0.701674     0.680783     0.500087     0.337781     0.388544     0.658830     0.835622     0.843939     0.636283     0.240829     0.108141     0.103855     0.190859     0.375477     0.444290     0.303929     0.143246     0.127810     0.327895     0.809165     0.957512     0.961124     0.827660     0.369805     0.150464     0.202564     0.559894     0.846193     0.884978     0.745693     0.392313     0.150904     0.090731     0.098272     0.112272     0.110811     0.122778     0.263858     0.701394     0.905912     0.933284     0.831980 
    0.721104     0.764152     0.751649     0.649618     0.410072     0.191741     0.135633     0.136190     0.139784     0.139542     0.134959     0.138002     0.198190     0.438324     0.698304     0.779469     0.712920     0.443492     0.185560     0.110696     0.119305     0.188197     0.241134     0.214811     0.145231     0.104005     0.137849     0.276765     0.450529     0.478548     0.321351     0.160875     0.122207     0.132267     0.152061     0.174884     0.169935     0.122552     0.083544     0.109706     0.323066     0.808352     0.951351     0.954005     0.824739     0.382275     0.167370     0.244360     0.660173     0.906340     0.949189     0.896315     0.694689     0.340175     0.141161     0.078349     0.065498     0.066989     0.101249     0.287886     0.780560     0.953205     0.976530     0.909199 
    0.902774     0.930606     0.938118     0.897864     0.712257     0.293610     0.121670     0.095895     0.140490     0.242807     0.304640     0.264897     0.179690     0.183875     0.247471     0.293966     0.295526     0.240503     0.175286     0.134074     0.104876     0.093492     0.089607     0.078249     0.066541     0.068361     0.089409     0.129218     0.167974     0.171406     0.145206     0.157272     0.247436     0.316131     0.280473     0.171213     0.102911     0.073122     0.068172     0.109680     0.304058     0.738673     0.881943     0.863483     0.681494     0.290188     0.145851     0.212790     0.557459     0.839604     0.921889     0.927546     0.867913     0.674485     0.344203     0.136238     0.075450     0.065799     0.095662     0.260728     0.725197     0.918970     0.946464     0.865589 
    0.834381     0.896961     0.938831     0.929407     0.782915     0.339559     0.134094     0.129412     0.305870     0.633202     0.757899     0.646004     0.302515     0.126923     0.095195     0.115111     0.187384     0.313246     0.376983     0.326907     0.202678     0.105606     0.075047     0.082786     0.120642     0.176850     0.215635     0.204235     0.145975     0.110297     0.132763     0.299092     0.626306     0.760950     0.662796     0.325740     0.122841     0.079246     0.104216     0.185034     0.358241     0.607600     0.656847     0.555212     0.344902     0.164681     0.110752     0.141423     0.299437     0.567155     0.753107     0.861029     0.906689     0.860991     0.637787     0.252690     0.109754     0.082104     0.103256     0.210135     0.522125     0.742329     0.770028     0.630796 
    0.426444     0.611506     0.755583     0.779610     0.617211     0.259044     0.127412     0.187410     0.545682     0.868417     0.940337     0.852711     0.459605     0.142675     0.074640     0.115159     0.327168     0.679463     0.811633     0.765518     0.514786     0.210029     0.136227     0.216655     0.411407     0.617633     0.690990     0.585526     0.303716     0.149986     0.189113     0.514141     0.854425     0.936264     0.865374     0.533780     0.188913     0.143552     0.274368     0.478287     0.588494     0.507492     0.318002     0.205066     0.140314     0.105103     0.094812     0.098846     0.128621     0.200665     0.340108     0.615728     0.844004     0.888840     0.743986     0.329461     0.145697     0.125034     0.172272     0.238025     0.310618     0.333669     0.302780     0.224723 
    0.110946     0.178373     0.266970     0.312621     0.250829     0.137409     0.105268     0.212312     0.647426     0.923255     0.973162     0.891667     0.506918     0.152317     0.083480     0.170946     0.553735     0.874768     0.951647     0.921140     0.735604     0.351145     0.278182     0.537094     0.806141     0.913767     0.930678     0.841962     0.502948     0.208556     0.231566     0.610901     0.907445     0.968093     0.910518     0.633171     0.265812     0.289688     0.628734     0.823555     0.798813     0.495803     0.191980     0.105070     0.095871     0.103848     0.103229     0.090887     0.080267     0.083175     0.130801     0.326823     0.692783     0.798317     0.637482     0.284317     0.165957     0.234861     0.429498     0.513787     0.389054     0.199714     0.121840     0.091350 
    0.046174     0.065210     0.099512     0.135023     0.137707     0.108456     0.098047     0.185856     0.558648     0.869864     0.929978     0.819129     0.404300     0.130702     0.090276     0.210458     0.650640     0.905908     0.951186     0.901230     0.697895     0.351910     0.340264     0.680202     0.902673     0.962622     0.954406     0.849030     0.486154     0.190401     0.194004     0.507266     0.845004     0.925129     0.851396     0.551817     0.272741     0.386541     0.780770     0.907761     0.820732     0.428358     0.151000     0.101948     0.135940     0.176607     0.163318     0.111821     0.076716     0.065816     0.094604     0.234865     0.526921     0.566621     0.352594     0.173089     0.172928     0.408443     0.758767     0.825294     0.625804     0.227977     0.095067     0.068972 
    0.050348     0.060169     0.103542     0.190442     0.246956     0.215984     0.146603     0.144866     0.320117     0.622161     0.711807     0.550234     0.231527     0.102030     0.099982     0.214154     0.565959     0.788621     0.803387     0.676954     0.393307     0.193554     0.223073     0.509079     0.774154     0.849351     0.813242     0.631608     0.283173     0.120248     0.119364     0.274609     0.581984     0.705921     0.590190     0.306435     0.185867     0.318740     0.686251     0.801055     0.652975     0.283001     0.134472     0.179647     0.341800     0.463329     0.389767     0.196418     0.095427     0.078232     0.133648     0.323515     0.520374     0.384034     0.180143     0.103991     0.161920     0.494890     0.855802     0.902696     0.702488     0.245516     0.099792     0.085383 
    0.087707     0.099850     0.230722     0.524397     0.688226     0.623027     0.364329     0.163275     0.147217     0.219332     0.250941     0.196943     0.124508     0.121413     0.173556     0.264622     0.389242     0.414571     0.342488     0.233691     0.133402     0.087672     0.106959     0.201411     0.326554     0.381180     0.336331     0.230359     0.126693     0.087227     0.089698     0.129591     0.211499     0.252479     0.206627     0.130342     0.114618     0.186669     0.352071     0.405449     0.284352     0.149724     0.162422     0.415807     0.743258     0.847242     0.752483     0.385792     0.137966     0.106283     0.233631     0.571170     0.668686     0.353981     0.127850     0.074432     0.142094     0.489479     0.845537     0.866898     0.599362     0.204940     0.115996     0.170745 
    0.173847     0.175107     0.449894     0.819569     0.926447     0.893115     0.675400     0.249625     0.107962     0.091975     0.095701     0.100839     0.146916     0.292550     0.478278     0.554481     0.437806     0.225011     0.125164     0.082849     0.065174     0.068479     0.086407     0.109060     0.125162     0.125628     0.116354     0.114508     0.132452     0.160882     0.164794     0.137492     0.113540     0.103279     0.092764     0.093712     0.122265     0.167318     0.198824     0.172122     0.120247     0.104920     0.229863     0.676805     0.915747     0.962102     0.890573     0.554881     0.181690     0.138863     0.355261     0.750373     0.763610     0.350126     0.110774     0.065847     0.143303     0.499736     0.811482     0.765492     0.379540     0.143586     0.165783     0.434163 
    0.252588     0.223907     0.557922     0.893678     0.975247     0.956918     0.794635     0.315187     0.113278     0.075093     0.079987     0.128295     0.311809     0.661815     0.839393     0.841477     0.619045     0.216762     0.084668     0.059952     0.076224     0.131594     0.192489     0.198685     0.149467     0.105010     0.112600     0.203499     0.371823     0.516958     0.510189     0.335285     0.151872     0.088971     0.092633     0.163540     0.286826     0.360245     0.299448     0.158039     0.089263     0.099491     0.276236     0.779867     0.958835     0.982779     0.911908     0.587516     0.191855     0.162824     0.457049     0.812970     0.774226     0.317223     0.100016     0.075943     0.197377     0.606246     0.812519     0.667673     0.233574     0.106589     0.217963     0.673820 
    0.227045     0.182669     0.449955     0.826110     0.939623     0.925581     0.755564     0.312295     0.137532     0.122291     0.158027     0.270306     0.565281     0.840684     0.928589     0.896892     0.653030     0.214886     0.082492     0.076285     0.159297     0.391529     0.604813     0.608729     0.421291     0.237234     0.251693     0.519745     0.789283     0.887997     0.870161     0.675639     0.264042     0.121889     0.163913     0.425560     0.719319     0.796008     0.657040     0.280667     0.107912     0.098993     0.264877     0.753414     0.940484     0.958358     0.853596     0.467938     0.159678     0.175595     0.533795     0.826366     0.740801     0.269060     0.093760     0.106605     0.319921     0.755001     0.854062     0.637933     0.185815     0.088464     0.216763     0.709560 
    0.140724     0.108294     0.234887     0.548137     0.736601     0.725176     0.519907     0.250525     0.217422     0.326823     0.453267     0.579150     0.722225     0.826048     0.852569     0.774624     0.479844     0.165921     0.083422     0.114934     0.320628     0.734154     0.895851     0.893898     0.753406     0.472205     0.437095     0.720765     0.907940     0.961528     0.938612     0.765042     0.311817     0.154922     0.273625     0.711754     0.918236     0.949656     0.844357     0.426264     0.138212     0.092207     0.195031     0.563141     0.805630     0.820696     0.637936     0.264218     0.112727     0.188787     0.601408     0.826995     0.688853     0.224232     0.090274     0.143510     0.457794     0.846366     0.889442     0.648377     0.182367     0.077739     0.166846     0.575386 
    0.086323     0.070698     0.102117     0.186121     0.258535     0.260007     0.207184     0.201700     0.398660     0.706782     0.808350     0.774129     0.651410     0.555482     0.492456     0.385483     0.228985     0.124916     0.105362     0.173525     0.457680     0.833246     0.937789     0.917916     0.765512     0.444194     0.357971     0.588967     0.801088     0.869307     0.825770     0.601602     0.235616     0.150643     0.336369     0.814195     0.964337     0.977655     0.882078     0.478082     0.150907     0.085117     0.122900     0.262488     0.403224     0.389596     0.248410     0.113761     0.086332     0.221558     0.672769     0.831195     0.639740     0.190481     0.082695     0.147464     0.467220     0.838240     0.873880     0.622259     0.187029     0.075888     0.108300     0.322907 
    0.105056     0.087869     0.076594     0.082988     0.094446     0.098474     0.108009     0.189581     0.502085     0.828886     0.878820     0.732280     0.390435     0.209241     0.165652     0.162982     0.183296     0.215001     0.243360     0.306049     0.497214     0.735504     0.800725     0.727816     0.479964     0.216325     0.151565     0.229577     0.368916     0.449709     0.393554     0.242796     0.121203     0.121323     0.322103     0.800487     0.948553     0.949592     0.819083     0.393686     0.136727     0.095440     0.129895     0.183657     0.197238     0.155190     0.099468     0.065698     0.093181     0.300256     0.751145     0.848081     0.620986     0.174054     0.071374     0.110537     0.312938     0.659210     0.729266     0.503749     0.202788     0.109733     0.100574     0.155178 
    0.288592     0.218535     0.122637     0.082026     0.077206     0.085948     0.105688     0.177374     0.418511     0.716107     0.742596     0.511814     0.208789     0.104528     0.101669     0.179106     0.396968     0.610166     0.673380     0.610494     0.464430     0.386236     0.336185     0.259998     0.161577     0.095637     0.087980     0.116837     0.154482     0.163676     0.135823     0.096211     0.074179     0.100028     0.255061     0.659705     0.827979     0.797707     0.580061     0.234805     0.118810     0.157792     0.282098     0.342566     0.248361     0.128708     0.073240     0.062248     0.130809     0.453475     0.831187     0.877519     0.645886     0.179548     0.065837     0.074389     0.149941     0.295438     0.385646     0.361934     0.318251     0.284002     0.226799     0.159104 
    0.759988     0.595226     0.273643     0.145207     0.151078     0.198415     0.227974     0.238271     0.279672     0.363098     0.349221     0.226475     0.121085     0.090918     0.125335     0.305711     0.711375     0.885787     0.904229     0.796498     0.440143     0.188777     0.116214     0.092924     0.089078     0.119810     0.183206     0.237335     0.237723     0.168346     0.099285     0.071109     0.072075     0.106185     0.196492     0.368701     0.437960     0.355657     0.213588     0.114130     0.133630     0.343913     0.665543     0.727448     0.481419     0.178330     0.079754     0.073145     0.188790     0.633469     0.895079     0.907428     0.691792     0.202669     0.071857     0.065263     0.093029     0.141697     0.214737     0.376844     0.643921     0.735017     0.632951     0.340785 
    0.916073     0.779422     0.425532     0.282904     0.422070     0.611741     0.662119     0.551693     0.327422     0.195453     0.148929     0.116376     0.096848     0.100489     0.154374     0.381875     0.801017     0.939228     0.946674     0.831153     0.409377     0.137053     0.074509     0.081260     0.156591     0.359822     0.607335     0.721815     0.670887     0.411867     0.161186     0.091662     0.112131     0.199217     0.285266     0.281833     0.196581     0.126228     0.081879     0.078150     0.184883     0.574574     0.854326     0.857913     0.573663     0.194511     0.081328     0.083293     0.241447     0.740148     0.927987     0.922046     0.713985     0.226907     0.089827     0.086211     0.107922     0.124966     0.174662     0.389042     0.776272     0.903533     0.849617     0.541074 
    0.859135     0.670395     0.376641     0.377741     0.707463     0.884520     0.913008     0.823807     0.502035     0.182633     0.099325     0.089032     0.098161     0.114376     0.153785     0.312621     0.671841     0.848215     0.874816     0.742954     0.332016     0.120985     0.081206     0.128858     0.350440     0.738814     0.904097     0.943164     0.898237     0.664090     0.247334     0.138282     0.237052     0.504598     0.628416     0.452221     0.174482     0.076157     0.053653     0.083926     0.262231     0.709145     0.876426     0.786239     0.418921     0.139893     0.068750     0.089613     0.280293     0.776679     0.927855     0.897991     0.654580     0.225681     0.125469     0.175276     0.233548     0.208928     0.176417     0.306187     0.674445     0.855871     0.822228     0.513583 
    0.548187     0.293769     0.180610     0.302654     0.744826     0.938460     0.970429     0.906294     0.607312     0.192098     0.087440     0.088800     0.125517     0.156765     0.156918     0.182352     0.310229     0.475560     0.562614     0.469490     0.231423     0.115941     0.097879     0.178407     0.502749     0.863611     0.961792     0.967579     0.903377     0.649358     0.245832     0.184256     0.441842     0.789529     0.856616     0.644423     0.202801     0.069213     0.055888     0.127287     0.409701     0.779579     0.814935     0.546695     0.205732     0.080011     0.060760     0.108611     0.328680     0.764336     0.867479     0.765438     0.443633     0.182116     0.194447     0.438813     0.607736     0.481682     0.224991     0.185860     0.348859     0.561415     0.556088     0.302078 
    0.195561     0.090974     0.078586     0.193106     0.612741     0.896210     0.956233     0.888808     0.559900     0.169951     0.084617     0.123730     0.244652     0.327026     0.254970     0.146472     0.125885     0.162750     0.231100     0.283317     0.235091     0.154948     0.116469     0.170512     0.427304     0.768969     0.870869     0.846981     0.703782     0.376917     0.156954     0.202470     0.608452     0.887647     0.910382     0.689781     0.201067     0.066307     0.076141     0.232256     0.635270     0.833630     0.718370     0.298416     0.098215     0.059778     0.088688     0.194945     0.447277     0.705557     0.655651     0.414742     0.191668     0.124083     0.258247     0.700002     0.859881     0.729536     0.290496     0.129441     0.155207     0.265452     0.302884     0.190583 
    0.100139     0.048574     0.048885     0.108453     0.345772     0.708117     0.832643     0.743882     0.382413     0.135535     0.115433     0.265041     0.580000     0.710477     0.527541     0.196349     0.090811     0.096331     0.200048     0.410059     0.473597     0.318583     0.157986     0.129489     0.213665     0.384047     0.466853     0.398188     0.255686     0.129034     0.087884     0.210214     0.698020     0.915849     0.905561     0.638642     0.172598     0.064320     0.116996     0.412944     0.799356     0.862784     0.627038     0.190869     0.070753     0.087974     0.221907     0.471293     0.671498     0.634855     0.339769     0.148159     0.074734     0.084827     0.261828     0.766692     0.911933     0.792666     0.315322     0.125301     0.150311     0.312564     0.413653     0.299466 
