    0.693492     0.800081     0.703009     0.385931     0.178579     0.255336     0.669022     0.904439     0.945133     0.860028     0.526496     0.177790     0.073221     0.061720     0.090357     0.142049     0.180179     0.167753     0.117032     0.078019     0.065130     0.073375     0.116699     0.191213     0.231505     0.197941     0.126514     0.089061     0.083701     0.107065     0.205672     0.501919     0.762302     0.846692     0.842692     0.774931     0.660607     0.475724     0.261225     0.117404     0.072493     0.080464     0.187772     0.592832     0.900643     0.971184     0.945034     0.758109     0.278217     0.104499     0.082309     0.104991     0.139693     0.177665     0.275378     0.532904     0.761439     0.832103     0.792549     0.625427     0.341093     0.160883     0.146728     0.352787
    0.287858     0.342310     0.276447     0.160527     0.124999     0.262463     0.706032     0.908166     0.909289     0.733600     0.312250     0.105082     0.073870     0.131232     0.283919     0.491802     0.609821     0.545547     0.326059     0.142246     0.086184     0.129953     0.324701     0.597700     0.690274     0.560845     0.279961     0.138893     0.117102     0.132707     0.160204     0.237618     0.374824     0.551378     0.728337     0.852535     0.889602     0.835214     0.611553     0.231678     0.095783     0.083305     0.185917     0.586647     0.894848     0.963487     0.930062     0.723968     0.257484     0.100085     0.095565     0.167988     0.275943     0.349669     0.446990     0.686018     0.863505     0.931171     0.940088     0.890553     0.723901     0.386251     0.174759     0.178392
    0.126414     0.131125     0.113697     0.089480     0.095449     0.192308     0.504041     0.728016     0.702173     0.444615     0.175191     0.098938     0.145937     0.365952     0.700507     0.865712     0.913513     0.877532     0.697261     0.327212     0.170784     0.275552     0.661240     0.880214     0.918741     0.825717     0.521937     0.272490     0.260319     0.297432     0.253917     0.164619     0.133230     0.181882     0.365083     0.702477     0.891510     0.918495     0.772530     0.326251     0.121341     0.085556     0.144700     0.400498     0.730989     0.820629     0.744938     0.460349     0.163507     0.094320     0.161709     0.389007     0.602713     0.579181     0.442905     0.508046     0.693130     0.838071     0.920862     0.941828     0.882114     0.627372     0.245713     0.131075
    0.096646     0.099934     0.110101     0.113004     0.114181     0.137093     0.215667     0.288138     0.268441     0.179139     0.118047     0.133965     0.270118     0.628163     0.870427     0.945109     0.962986     0.947488     0.848114     0.534264     0.296932     0.430552     0.800111     0.934348     0.939517     0.846884     0.594664     0.427024     0.572174     0.700050     0.599310     0.291861     0.108548     0.071891     0.137256     0.374355     0.706041     0.816371     0.692446     0.306321     0.134689     0.108672     0.138918     0.230609     0.351411     0.364299     0.279831     0.159478     0.085725     0.109702     0.307710     0.680917     0.802132     0.622031     0.262938     0.174272     0.245946     0.448836     0.704000     0.833825     0.830967     0.621333     0.253532     0.122339
    0.107936     0.159177     0.258431     0.313810     0.298925     0.236526     0.166273     0.129722     0.113786     0.107256     0.127595     0.190345     0.334935     0.613362     0.779693     0.833640     0.856188     0.857617     0.782497     0.525817     0.314913     0.413126     0.713927     0.829345     0.798166     0.632405     0.380675     0.355523     0.645247     0.849871     0.829611     0.563262     0.215743     0.090599     0.082331     0.155043     0.310400     0.423126     0.360086     0.206180     0.169895     0.237881     0.309942     0.333439     0.279300     0.172132     0.102874     0.067492     0.069614     0.172885     0.536395     0.836970     0.854454     0.576781     0.160984     0.059133     0.064748     0.126981     0.253746     0.411794     0.472342     0.341408     0.171294     0.108868
    0.147188     0.339864     0.668885     0.794980     0.779370     0.632468     0.337659     0.142000     0.095596     0.117551     0.197991     0.284876     0.302643     0.311674     0.322311     0.338357     0.381252     0.431648     0.413010     0.290471     0.201893     0.229349     0.349310     0.409857     0.351949     0.235368     0.151392     0.189254     0.451725     0.771592     0.864618     0.775205     0.501499     0.272661     0.178028     0.143631     0.150656     0.171916     0.165796     0.168102     0.296854     0.609816     0.766875     0.757155     0.571886     0.249822     0.096016     0.061037     0.096604     0.304507     0.745513     0.911701     0.880165     0.586713     0.146140     0.040317     0.030998     0.049460     0.089864     0.145669     0.178700     0.153323     0.111493     0.101038
    0.177132     0.478448     0.845756     0.946048     0.948435     0.877049     0.621266     0.229950     0.125054     0.183405     0.396794     0.520608     0.362212     0.167965     0.097151     0.083492     0.100151     0.138035     0.172504     0.168097     0.142371     0.134578     0.149253     0.158207     0.148323     0.122769     0.096905     0.104948     0.209397     0.465582     0.711795     0.813356     0.796585     0.711153     0.562579     0.345037     0.176505     0.121734     0.115923     0.166727     0.400980     0.802485     0.931639     0.935156     0.827481     0.470529     0.158023     0.088455     0.158296     0.503336     0.865596     0.952786     0.917764     0.683492     0.196214     0.058294     0.041245     0.058124     0.094923     0.136844     0.158125     0.141221     0.109632     0.103208
    0.162182     0.422262     0.817177     0.945950     0.968396     0.931034     0.738998     0.295547     0.162750     0.284064     0.661837     0.773107     0.538783     0.171344     0.053172     0.033028     0.050912     0.102352     0.175072     0.203160     0.158424     0.118267     0.107337     0.126599     0.183904     0.218435     0.177903     0.111701     0.101134     0.169654     0.339921     0.622492     0.828702     0.891112     0.853039     0.655014     0.280586     0.131911     0.103935     0.146002     0.355722     0.767228     0.924341     0.951298     0.889047     0.604408     0.216231     0.120016     0.214535     0.630989     0.911220     0.971362     0.948171     0.778088     0.282527     0.097516     0.080616     0.145006     0.273626     0.385854     0.415997     0.340921     0.211268     0.126438
    0.133765     0.254892     0.606709     0.833975     0.898710     0.860821     0.645657     0.259724     0.163341     0.324594     0.758693     0.874092     0.714607     0.283348     0.093537     0.064643     0.115185     0.250612     0.423795     0.447213     0.264554     0.140803     0.119882     0.203588     0.458057     0.615797     0.507668     0.234453     0.093986     0.071940     0.121599     0.302327     0.665533     0.870671     0.886893     0.713213     0.304261     0.133146     0.097839     0.116203     0.222834     0.511491     0.740287     0.810029     0.751210     0.479298     0.191124     0.120036     0.202909     0.566653     0.866845     0.947609     0.935781     0.785924     0.330354     0.137858     0.158153     0.391311     0.719177     0.845843     0.860063     0.780806     0.523321     0.205322
    0.126677     0.140741     0.294514     0.519230     0.625673     0.557060     0.336186     0.153768     0.125833     0.275446     0.713331     0.886732     0.837168     0.565203     0.304255     0.267147     0.416392     0.679773     0.819970     0.768465     0.422753     0.172373     0.141915     0.312137     0.741496     0.888544     0.816464     0.459890     0.133101     0.053246     0.056213     0.132775     0.381897     0.696082     0.731541     0.507974     0.212185     0.116356     0.113138     0.137044     0.169407     0.231122     0.295015     0.330197     0.303940     0.204130     0.117804     0.094037     0.133685     0.318226     0.628318     0.779834     0.780931     0.604281     0.256300     0.139587     0.217842     0.593659     0.892282     0.969649     0.976893     0.935804     0.751390     0.297657
    0.142046     0.143637     0.227382     0.303651     0.283321     0.214816     0.138596     0.091075     0.092373     0.190933     0.538088     0.815571     0.868338     0.801995     0.715144     0.724981     0.816278     0.906649     0.932648     0.833248     0.434216     0.161109     0.133905     0.327036     0.796958     0.942378     0.906852     0.625498     0.172394     0.055522     0.047911     0.096595     0.248905     0.456905     0.414210     0.229669     0.122963     0.123618     0.220093     0.331956     0.349895     0.273235     0.170447     0.123584     0.109624     0.096483     0.085244     0.080415     0.086441     0.127256     0.215894     0.294952     0.312292     0.239440     0.134213     0.104978     0.188566     0.540686     0.871289     0.965406     0.979494     0.945640     0.778984     0.326210
    0.173745     0.278842     0.454491     0.453186     0.259251     0.136663     0.090395     0.075584     0.083224     0.138767     0.324161     0.599406     0.720273     0.736595     0.745207     0.800745     0.871200     0.909385     0.883572     0.709315     0.301426     0.114985     0.099622     0.245237     0.694911     0.909903     0.911564     0.685916     0.196632     0.066007     0.071318     0.167947     0.389868     0.528533     0.357192     0.151915     0.102592     0.190877     0.525007     0.772920     0.798733     0.642666     0.304651     0.117123     0.077286     0.086189     0.106226     0.110502     0.093943     0.079642     0.087721     0.111709     0.136349     0.133734     0.104854     0.086151     0.119730     0.304680     0.657470     0.834978     0.875218     0.821441     0.607296     0.260388
    0.208513     0.504303     0.772924     0.731486     0.368874     0.145342     0.087495     0.084562     0.114936     0.186421     0.278008     0.336942     0.322263     0.314911     0.360226     0.480846     0.617618     0.673421     0.600981     0.376126     0.159824     0.079831     0.069888     0.141672     0.441453     0.800436     0.881669     0.707095     0.226912     0.087995     0.126943     0.364934     0.725870     0.790733     0.535108     0.182867     0.112891     0.253122     0.723368     0.929519     0.955310     0.871861     0.558339     0.188979     0.110792     0.167485     0.264480     0.288738     0.213002     0.117161     0.087356     0.120973     0.206228     0.255893     0.217655     0.135063     0.092802     0.128507     0.252310     0.394474     0.457191     0.391238     0.252609     0.154982
    0.190723     0.531516     0.828147     0.786922     0.385216     0.139716     0.088126     0.113472     0.231804     0.450129     0.533255     0.387109     0.180114     0.108007     0.103537     0.132443     0.174568     0.202659     0.198326     0.163651     0.125154     0.095209     0.071218     0.083844     0.222800     0.608440     0.832921     0.736494     0.291889     0.119957     0.176306     0.511636     0.853715     0.890383     0.661086     0.218702     0.115389     0.244463     0.715807     0.936539     0.976105     0.925211     0.682766     0.264338     0.208824     0.450128     0.711563     0.757628     0.594081     0.281216     0.170988     0.283605     0.574339     0.715107     0.639448     0.366373     0.145668     0.089201     0.105504     0.143003     0.159699     0.137494     0.103553     0.099053
    0.130923     0.367197     0.717420     0.698599     0.311734     0.114145     0.084563     0.152718     0.421972     0.776025     0.834806     0.631356     0.212427     0.068767     0.040336     0.041617     0.052555     0.071775     0.114737     0.205637     0.276122     0.248975     0.149155     0.085145     0.132888     0.420773     0.792003     0.786628     0.408451     0.151449     0.160972     0.420710     0.774668     0.843963     0.626714     0.208434     0.099161     0.170656     0.511329     0.818552     0.902055     0.844277     0.581689     0.260050     0.310566     0.718853     0.915513     0.940170     0.836842     0.505921     0.310151     0.511620     0.831978     0.930161     0.898387     0.688181     0.268629     0.118161     0.107214     0.134064     0.138457     0.107786     0.076449     0.073388
    0.092630     0.240738     0.596961     0.639714     0.325112     0.127159     0.086234     0.157916     0.468831     0.846343     0.916456     0.769918     0.295193     0.079777     0.031535     0.024896     0.032239     0.066260     0.197685     0.526937     0.736094     0.701536     0.419960     0.152882     0.122931     0.345808     0.786341     0.839461     0.540774     0.174686     0.108251     0.205999     0.463356     0.638398     0.484611     0.184140     0.085457     0.096338     0.218133     0.439799     0.574252     0.496454     0.280258     0.169305     0.310671     0.776120     0.950114     0.966359     0.869851     0.536858     0.316048     0.512069     0.840853     0.947527     0.937939     0.780779     0.350737     0.175212     0.211660     0.324471     0.338471     0.226993     0.108786     0.070090
    0.092439     0.240516     0.655670     0.769628     0.575828     0.278331     0.130664     0.132807     0.334087     0.729464     0.877657     0.812673     0.439849     0.147714     0.061639     0.041556     0.047862     0.113289     0.383242     0.799948     0.934143     0.913040     0.691679     0.247051     0.145336     0.344017     0.798502     0.869815     0.613614     0.185301     0.077562     0.099615     0.239171     0.480374     0.478647     0.249822     0.107316     0.071828     0.090588     0.143628     0.184925     0.167325     0.116150     0.107624     0.239694     0.670510     0.890138     0.904681     0.746974     0.353912     0.181838     0.289574     0.619842     0.800755     0.804159     0.626232     0.292083     0.222921     0.440370     0.736305     0.777675     0.572167     0.210703     0.089105
    0.108125     0.294990     0.765511     0.902005     0.851713     0.638818     0.294460     0.134096     0.173463     0.406309     0.686866     0.788140     0.658605     0.387532     0.227500     0.157847     0.138201     0.229795     0.595660     0.891642     0.964509     0.933914     0.727426     0.269298     0.155891     0.343691     0.789530     0.861293     0.598057     0.182172     0.076064     0.103141     0.289276     0.635582     0.724811     0.509395     0.191418     0.083759     0.065982     0.081556     0.108260     0.120426     0.111675     0.105554     0.158267     0.381953     0.627295     0.637279     0.409597     0.166841     0.092379     0.123538     0.238402     0.343802     0.343086     0.243848     0.148655     0.196974     0.532599     0.871541     0.925706     0.779750     0.307302     0.110939
    0.107883     0.304396     0.789884     0.945560     0.954067     0.866101     0.560234     0.185765     0.100459     0.155875     0.343048     0.644385     0.799912     0.786960     0.711886     0.589643     0.452642     0.445122     0.678467     0.851703     0.885017     0.805893     0.531172     0.196442     0.135158     0.294867     0.695519     0.766023     0.476605     0.165671     0.103286     0.204189     0.553291     0.840878     0.893865     0.739724     0.295098     0.110766     0.085288     0.136556     0.235077     0.305683     0.302041     0.229392     0.152262     0.166661     0.222261     0.218123     0.148615     0.094004     0.091994     0.119923     0.157098     0.167932     0.136451     0.095099     0.076325     0.135643     0.440489     0.855941     0.936891     0.813376     0.321613     0.109779
    0.081295     0.227516     0.672852     0.907171     0.960851     0.924719     0.700683     0.233288     0.084816     0.073567     0.148781     0.401142     0.762922     0.897608     0.913214     0.863973     0.723756     0.521201     0.496320     0.551404     0.527793     0.388167     0.212762     0.109244     0.108313     0.210330     0.444268     0.490992     0.284127     0.141747     0.154398     0.383557     0.784763     0.930586     0.933113     0.778871     0.322272     0.133781     0.155993     0.379750     0.676712     0.800278     0.789334     0.617901     0.275337     0.129054     0.100707     0.093444     0.092470     0.132348     0.237639     0.338332     0.371494     0.297130     0.159335     0.077059     0.053526     0.090260     0.315906     0.796000     0.907224     0.770890     0.267889     0.085204
    0.048683     0.116910     0.363975     0.703806     0.851317     0.849282     0.636505     0.223670     0.082997     0.054786     0.078627     0.206938     0.551066     0.814229     0.889009     0.846623     0.648565     0.328035     0.195853     0.169218     0.151342     0.118333     0.090816     0.093087     0.128390     0.187388     0.250446     0.236980     0.158549     0.121607     0.187387     0.491487     0.841600     0.921891     0.870391     0.640963     0.251009     0.144233     0.268825     0.688265     0.906483     0.962168     0.950385     0.826754     0.408697     0.144134     0.080546     0.076696     0.122995     0.317040     0.661992     0.820028     0.837471     0.717151     0.366721     0.121652     0.058127     0.079139     0.270932     0.758714     0.877084     0.712336     0.212790     0.059652
    0.034196     0.055168     0.128389     0.277225     0.448085     0.507529     0.369001     0.178086     0.098842     0.068844     0.064700     0.103658     0.239736     0.462322     0.596098     0.535821     0.323299     0.151254     0.086536     0.066995     0.060358     0.065278     0.102164     0.194253     0.301520     0.336861     0.253402     0.159742     0.108613     0.099313     0.159787     0.401757     0.726219     0.775633     0.622049     0.331745     0.148991     0.139954     0.334203     0.789541     0.949211     0.978630     0.957656     0.831567     0.410589     0.144445     0.082051     0.087454     0.181056     0.535296     0.871453     0.963894     0.969610     0.893978     0.578857     0.181662     0.076844     0.100589     0.321092     0.782364     0.877461     0.700983     0.209804     0.055022
    0.064199     0.061844     0.073603     0.103803     0.153965     0.199220     0.217034     0.232880     0.222961     0.178060     0.126297     0.097630     0.108768     0.156428     0.193958     0.182653     0.139904     0.107764     0.090238     0.076446     0.072244     0.109296     0.262501     0.560008     0.744568     0.712047     0.412086     0.164365     0.089566     0.080779     0.122633     0.264465     0.468688     0.449587     0.272675     0.144499     0.100611     0.129054     0.299637     0.704093     0.874579     0.896418     0.839754     0.650240     0.287911     0.134247     0.104437     0.113773     0.208490     0.570902     0.880578     0.962798     0.964636     0.885245     0.570238     0.186679     0.092061     0.142158     0.433412     0.835757     0.904338     0.762347     0.316746     0.109251
    0.248426     0.206069     0.155656     0.106527     0.096583     0.133947     0.260462     0.528349     0.651435     0.592154     0.414043     0.229318     0.116714     0.087537     0.089735     0.110178     0.168033     0.236582     0.258182     0.230964     0.204010     0.283384     0.588013     0.847189     0.925388     0.858120     0.504484     0.168383     0.081791     0.086730     0.165181     0.341109     0.495928     0.414631     0.213491     0.119096     0.100764     0.119367     0.197786     0.395851     0.548795     0.547108     0.429180     0.279037     0.177969     0.190813     0.224933     0.210389     0.210998     0.399839     0.694667     0.813825     0.812233     0.677448     0.343574     0.130704     0.090580     0.162651     0.471323     0.835457     0.910613     0.843645     0.596594     0.346348
    0.753721     0.695284     0.514855     0.255338     0.127941     0.142283     0.340044     0.756957     0.899532     0.900472     0.813244     0.558816     0.211802     0.099170     0.092505     0.177460     0.442736     0.690889     0.758297     0.703770     0.577444     0.562793     0.759165     0.898519     0.925496     0.819465     0.425862     0.143247     0.089508     0.154463     0.385331     0.685745     0.791833     0.686017     0.363792     0.173412     0.127038     0.125710     0.144302     0.185519     0.207704     0.183997     0.143988     0.131589     0.209475     0.460695     0.619439     0.522101     0.272913     0.203380     0.262897     0.321591     0.323691     0.251778     0.143344     0.085330     0.079847     0.132090     0.331353     0.663233     0.796224     0.820496     0.798134     0.770825
    0.920235     0.922697     0.829829     0.515927     0.195401     0.144598     0.317243     0.761383     0.933355     0.962040     0.922239     0.725522     0.283280     0.120351     0.125309     0.314691     0.747101     0.916768     0.938889     0.877375     0.694230     0.526210     0.599045     0.720433     0.737115     0.580033     0.263228     0.127026     0.146310     0.334967     0.695873     0.881025     0.912290     0.820484     0.503201     0.230946     0.153861     0.143325     0.154206     0.175960     0.170071     0.130122     0.098118     0.125586     0.321055     0.750019     0.886203     0.787208     0.378278     0.147640     0.105525     0.115973     0.137542     0.143536     0.127191     0.106623     0.091745     0.096287     0.150202     0.262164     0.376578     0.520441     0.702955     0.852952
    0.884833     0.938801     0.886569     0.609493     0.219119     0.122107     0.215467     0.594925     0.866887     0.925325     0.868586     0.627515     0.235381     0.111797     0.143126     0.400866     0.843772     0.962373     0.955288     0.837250     0.493061     0.227872     0.193101     0.235364     0.262225     0.236332     0.189609     0.209753     0.331628     0.597180     0.819938     0.887370     0.860640     0.724670     0.414561     0.206928     0.153521     0.160026     0.217163     0.335415     0.369513     0.274095     0.158829     0.153732     0.369930     0.809014     0.928043     0.832474     0.398285     0.135026     0.083758     0.116169     0.221716     0.320898     0.349536     0.304707     0.210714     0.118844     0.088220     0.094088     0.114727     0.175489     0.358296     0.690319
    0.633317     0.776335     0.734144     0.451998     0.172806     0.095893     0.131149     0.352535     0.703241     0.777581     0.612749     0.309110     0.123275     0.080445     0.125309     0.359917     0.799566     0.924784     0.883766     0.648156     0.245822     0.088091     0.062361     0.076766     0.112354     0.196920     0.357735     0.537560     0.662507     0.716058     0.714442     0.660125     0.533003     0.354129     0.207738     0.146276     0.137146     0.168787     0.313083     0.640725     0.767032     0.656606     0.342336     0.184877     0.294485     0.663906     0.817461     0.709847     0.308052     0.119484     0.106703     0.239982     0.594460     0.797287     0.840772     0.791507     0.593997     0.252928     0.100965     0.061980     0.054465     0.067579     0.134107     0.332672
    0.224586     0.312479     0.312088     0.209945     0.120501     0.091175     0.117060     0.266028     0.547244     0.542785     0.279131     0.114041     0.059205     0.056219     0.091834     0.230907     0.568636     0.729091     0.637846     0.334024     0.118155     0.052397     0.041880     0.057366     0.129057     0.377846     0.714501     0.835239     0.793590     0.563961     0.320792     0.207872     0.155928     0.131426     0.133552     0.144054     0.140126     0.157944     0.312584     0.718787     0.891171     0.845741     0.533309     0.199774     0.164448     0.308137     0.459530     0.406692     0.197360     0.107673     0.139045     0.379932     0.815723     0.953658     0.977701     0.956015     0.835301     0.437767     0.145501     0.070618     0.057085     0.059012     0.074339     0.124972
    0.127222     0.139067     0.145943     0.133594     0.116791     0.116223     0.170406     0.376547     0.633098     0.551716     0.227580     0.081059     0.048017     0.053298     0.076062     0.128188     0.235886     0.307185     0.269943     0.174163     0.109874     0.081117     0.068537     0.083213     0.203304     0.609194     0.876455     0.903715     0.737836     0.323270     0.117643     0.067320     0.075878     0.134504     0.236261     0.286279     0.218805     0.152452     0.230320     0.599157     0.870297     0.873913     0.592098     0.191561     0.101801     0.145808     0.260690     0.311160     0.212311     0.128650     0.151303     0.392576     0.823065     0.958439     0.984674     0.970161     0.870100     0.497798     0.172505     0.097406     0.108545     0.132537     0.135764     0.126236
    0.266608     0.187563     0.156674     0.151523     0.146928     0.156176     0.247032     0.546002     0.787252     0.737722     0.419046     0.186007     0.114538     0.108897     0.117054     0.121532     0.137561     0.161969     0.199341     0.264496     0.291909     0.264154     0.200288     0.157249     0.265501     0.663299     0.867742     0.831365     0.541848     0.178881     0.069922     0.072583     0.156535     0.368322     0.635076     0.686848     0.448553     0.181929     0.153623     0.392556     0.789250     0.837438     0.538800     0.166487     0.086055     0.143036     0.365526     0.552842     0.454242     0.227208     0.148110     0.266302     0.621337     0.822651     0.879463     0.858493     0.716593     0.358738     0.157359     0.158319     0.300604     0.440575     0.458657     0.372968
    0.684041     0.447428     0.282316     0.224480     0.190640     0.174911     0.240543     0.509080     0.791204     0.854160     0.753004     0.567751     0.430523     0.376607     0.320903     0.217436     0.155524     0.172471     0.324174     0.637440     0.775879     0.760412     0.600360     0.333658     0.277987     0.486738     0.643794     0.546824     0.272483     0.115826     0.109464     0.220388     0.472803     0.762738     0.894999     0.871773     0.587341     0.195325     0.114022     0.272977     0.714464     0.783509     0.441454     0.139253     0.089003     0.206270     0.625716     0.839945     0.774690     0.417717     0.159349     0.132277     0.232623     0.363349     0.444543     0.420258     0.299154     0.164067     0.132601     0.269039     0.665290     0.851863     0.876578     0.822521
    0.851632     0.641660     0.412176     0.306354     0.227555     0.162884     0.158792     0.285176     0.593123     0.828308     0.892240     0.877798     0.853058     0.825823     0.718996     0.416483     0.207510     0.199066     0.414918     0.798473     0.927233     0.929511     0.817453     0.477575     0.239891     0.228270     0.252697     0.206810     0.133900     0.133530     0.287857     0.608659     0.832110     0.930375     0.945424     0.849939     0.486924     0.152799     0.098226     0.258514     0.698293     0.747206     0.359550     0.117186     0.089462     0.244529     0.744265     0.925065     0.879551     0.538262     0.172322     0.084719     0.091544     0.124282     0.149652     0.143546     0.111670     0.086511     0.116575     0.317834     0.792077     0.950804     0.971800     0.942719
    0.768482     0.523384     0.360691     0.339527     0.272404     0.161691     0.103088     0.124595     0.289422     0.656233     0.883752     0.945552     0.952345     0.925133     0.798630     0.436105     0.191136     0.163721     0.328009     0.704233     0.874432     0.892880     0.777759     0.434019     0.196910     0.138973     0.124010     0.107056     0.109014     0.205214     0.555573     0.854490     0.943206     0.946394     0.877025     0.649720     0.261078     0.094838     0.107383     0.336401     0.741211     0.730499     0.299210     0.096953     0.078932     0.228962     0.730511     0.914229     0.855812     0.486567     0.153887     0.076589     0.083964     0.121875     0.151881     0.143470     0.106510     0.078195     0.099917     0.266601     0.723750     0.920958     0.951249     0.906491
    0.416992     0.246831     0.267430     0.440232     0.442785     0.250886     0.106317     0.070001     0.128606     0.377178     0.754849     0.901593     0.914068     0.835976     0.609385     0.266981     0.127210     0.113158     0.180900     0.368246     0.555867     0.596842     0.469553     0.268764     0.185193     0.162270     0.130087     0.098757     0.107932     0.226199     0.607371     0.865484     0.905366     0.828823     0.612705     0.287979     0.106417     0.068918     0.159740     0.513363     0.803776     0.705334     0.243513     0.076114     0.063483     0.186304     0.632501     0.833591     0.711796     0.313787     0.114793     0.093303     0.175454     0.335506     0.445151     0.414665     0.272587     0.131933     0.092869     0.166147     0.452241     0.726759     0.781086     0.668295
    0.143330     0.130969     0.294334     0.675482     0.756530     0.532758     0.197309     0.073743     0.071605     0.172871     0.437477     0.660853     0.663995     0.480714     0.252041     0.125684     0.103737     0.127044     0.153662     0.176596     0.193494     0.194412     0.178963     0.197443     0.310618     0.364697     0.273130     0.142223     0.101222     0.157063     0.373770     0.615865     0.629800     0.442180     0.222439     0.095400     0.053101     0.083224     0.277573     0.705993     0.845838     0.649224     0.189900     0.058913     0.057277     0.169108     0.534279     0.689573     0.441751     0.164781     0.088356     0.144823     0.423479     0.762870     0.871721     0.850930     0.675134     0.287479     0.114597     0.100326     0.180875     0.297159     0.320930     0.237402
    0.079340     0.121860     0.380162     0.821748     0.915215     0.797430     0.397228     0.119580     0.062911     0.086978     0.165651     0.238911     0.224800     0.151871     0.095753     0.097945     0.186505     0.312253     0.343942     0.246502     0.128748     0.089871     0.112652     0.267847     0.642595     0.773830     0.634919     0.273933     0.108079     0.091204     0.144868     0.215511     0.215716     0.147520     0.080995     0.047738     0.051107     0.137292     0.484805     0.832636     0.861475     0.576378     0.150173     0.053041     0.078962     0.248259     0.595127     0.630076     0.279397     0.099684     0.077751     0.188613     0.612396     0.908106     0.977042     0.967472     0.850135     0.429778     0.145988     0.090106     0.117352     0.163632     0.158503     0.108976
    0.081256     0.134664     0.436343     0.870249     0.964559     0.911728     0.624604     0.192088     0.080343     0.082718     0.119201     0.137384     0.110850     0.074998     0.071917     0.157609     0.475026     0.756285     0.787674     0.576843     0.204089     0.087038     0.115987     0.363703     0.818150     0.928423     0.840841     0.455932     0.136601     0.070232     0.084071     0.123245     0.142262     0.119686     0.079925     0.054441     0.071438     0.217459     0.689103     0.904296     0.873093     0.541826     0.138920     0.066143     0.150634     0.486328     0.777846     0.707008     0.261730     0.085723     0.070665     0.178618     0.590628     0.895066     0.966865     0.956169     0.832335     0.412973     0.148144     0.114813     0.191569     0.274165     0.233815     0.123962
    0.100306     0.128785     0.393022     0.841786     0.960344     0.932782     0.705952     0.241933     0.116615     0.155105     0.250759     0.269408     0.183629     0.095965     0.090288     0.243074     0.724272     0.931248     0.945801     0.788823     0.298694     0.104653     0.129223     0.425879     0.870160     0.966139     0.913727     0.618525     0.181402     0.084274     0.124844     0.247128     0.339725     0.318628     0.206638     0.104413     0.104103     0.289099     0.786160     0.937465     0.891500     0.568887     0.159185     0.098770     0.261103     0.725416     0.893483     0.780620     0.292601     0.094393     0.072476     0.144631     0.414683     0.737753     0.831726     0.797131     0.603764     0.254558     0.128244     0.200241     0.477425     0.668089     0.554805     0.225893
    0.114438     0.099837     0.260614     0.678270     0.866310     0.847086     0.597477     0.228632     0.176390     0.379822     0.670261     0.715824     0.511628     0.212970     0.127857     0.286751     0.786710     0.961399     0.972603     0.837697     0.338593     0.114467     0.133067     0.431566     0.873999     0.972328     0.936455     0.699977     0.229951     0.139411     0.306941     0.659868     0.814809     0.794658     0.578864     0.228356     0.143015     0.313018     0.788415     0.936807     0.896260     0.595524     0.190273     0.136071     0.347786     0.808997     0.919701     0.791526     0.319877     0.127413     0.122039     0.183056     0.293989     0.392887     0.389354     0.319125     0.210179     0.115299     0.129842     0.364496     0.767243     0.894181     0.787780     0.339108
    0.116808     0.069260     0.124819     0.314143     0.517957     0.511003     0.303703     0.157677     0.218269     0.591034     0.880512     0.925008     0.802335     0.414565     0.175062     0.261925     0.703530     0.915986     0.935322     0.778830     0.299279     0.106634     0.119941     0.367207     0.825264     0.948452     0.913610     0.671613     0.249408     0.211732     0.535655     0.872754     0.962783     0.947919     0.788745     0.333559     0.157079     0.253541     0.651534     0.851927     0.820469     0.515828     0.190977     0.150240     0.338186     0.743890     0.844308     0.692905     0.315386     0.218622     0.331835     0.462063     0.465500     0.310518     0.167370     0.107643     0.078785     0.076653     0.174450     0.576634     0.890929     0.954313     0.855538     0.399506
    0.117648     0.056446     0.068606     0.126437     0.199228     0.202559     0.137556     0.105628     0.193191     0.569113     0.884506     0.952672     0.885391     0.564083     0.202372     0.178537     0.426871     0.703851     0.746424     0.541268     0.199316     0.087019     0.095035     0.245405     0.636061     0.810854     0.759522     0.468565     0.195165     0.217121     0.572124     0.886730     0.963083     0.941067     0.772582     0.316287     0.131049     0.146411     0.322755     0.524124     0.517615     0.304043     0.156336     0.140940     0.235428     0.458769     0.535966     0.399626     0.258850     0.374790     0.704175     0.835163     0.780640     0.472855     0.156040     0.069120     0.055391     0.080707     0.235224     0.723873     0.939060     0.968972     0.869350     0.420979
    0.123868     0.064835     0.079986     0.134192     0.197514     0.199398     0.136862     0.092918     0.128798     0.346294     0.708458     0.856024     0.831762     0.563907     0.204964     0.117141     0.166298     0.263715     0.291397     0.212737     0.115515     0.080309     0.082422     0.132340     0.268255     0.372640     0.331891     0.195694     0.114377     0.149608     0.376519     0.704520     0.812736     0.767532     0.536442     0.210841     0.102616     0.092559     0.130771     0.186114     0.199110     0.170654     0.164842     0.174203     0.181857     0.207448     0.206728     0.170254     0.186263     0.413488     0.809553     0.927919     0.891118     0.630120     0.192934     0.070945     0.056570     0.090557     0.265303     0.757405     0.944462     0.965435     0.860455     0.417238
    0.133383     0.108647     0.199865     0.373073     0.527690     0.514380     0.325019     0.142762     0.090701     0.142089     0.301487     0.494790     0.579946     0.465366     0.242284     0.135347     0.103977     0.110923     0.119162     0.116554     0.123632     0.139182     0.140307     0.132925     0.137178     0.140267     0.122291     0.091588     0.078044     0.096063     0.163845     0.272061     0.322831     0.291904     0.208907     0.140977     0.123752     0.111777     0.096848     0.096477     0.119319     0.195874     0.326904     0.371641     0.271130     0.157169     0.109726     0.094196     0.124567     0.299934     0.703799     0.889382     0.894713     0.694971     0.232559     0.082385     0.061420     0.088406     0.225718     0.644342     0.877201     0.913377     0.789475     0.363895
    0.143385     0.216593     0.526539     0.792559     0.886522     0.869996     0.693771     0.292231     0.102789     0.070894     0.100608     0.174513     0.309463     0.483766     0.459253     0.306298     0.156614     0.097742     0.095534     0.141659     0.276680     0.410069     0.429364     0.342156     0.216986     0.118791     0.080608     0.073355     0.086991     0.111810     0.129228     0.130864     0.118087     0.111178     0.136764     0.230647     0.310675     0.280300     0.170019     0.108252     0.152261     0.394141     0.704034     0.755538     0.528568     0.200789     0.094830     0.072692     0.084288     0.160751     0.410830     0.728700     0.845509     0.729603     0.313815     0.114534     0.072415     0.079581     0.141219     0.346211     0.604330     0.680554     0.535329     0.246071
    0.146632     0.316653     0.741261     0.928479     0.974339     0.965473     0.860594     0.468684     0.141531     0.060180     0.053298     0.093649     0.265878     0.675387     0.801968     0.681507     0.326626     0.136134     0.115208     0.235783     0.611956     0.828771     0.863066     0.791100     0.559579     0.230468     0.106055     0.103183     0.179697     0.280414     0.298798     0.221389     0.127150     0.107749     0.223668     0.571846     0.766483     0.714328     0.412781     0.186461     0.240741     0.634394     0.882957     0.894722     0.665223     0.231092     0.096519     0.076677     0.084643     0.109234     0.206002     0.479937     0.767078     0.780896     0.491761     0.195973     0.105033     0.091554     0.106371     0.153829     0.220743     0.246404     0.204234     0.138871
    0.129152     0.294612     0.705725     0.905033     0.958948     0.959783     0.880439     0.542674     0.172407     0.068573     0.049759     0.086396     0.293684     0.782818     0.921275     0.849137     0.474521     0.170015     0.123880     0.272829     0.730569     0.933330     0.972155     0.947419     0.812192     0.414641     0.172965     0.194319     0.464741     0.729174     0.768601     0.615004     0.316681     0.190809     0.357978     0.786935     0.929028     0.887554     0.608313     0.261927     0.305898     0.726815     0.910423     0.879613     0.596176     0.202625     0.105470     0.128015     0.175957     0.186777     0.194132     0.344389     0.677319     0.797652     0.645583     0.313508     0.179883     0.173775     0.187519     0.178078     0.148664     0.119109     0.100920     0.095158
    0.101633     0.185746     0.429219     0.686430     0.799628     0.823119     0.741162     0.441347     0.179598     0.097681     0.075967     0.112885     0.339796     0.803879     0.923616     0.838745     0.444465     0.151621     0.100666     0.209352     0.615160     0.888578     0.962398     0.959989     0.860276     0.496348     0.218765     0.278656     0.683828     0.909476     0.945291     0.870945     0.613253     0.313960     0.412195     0.785440     0.909658     0.849325     0.543964     0.232696     0.277575     0.660029     0.824260     0.718424     0.364810     0.144969     0.147806     0.322922     0.517129     0.515988     0.351921     0.305049     0.489948     0.640979     0.564723     0.348312     0.308777     0.448018     0.542653     0.487422     0.314469     0.152780     0.090716     0.081061
    0.110076     0.137130     0.183884     0.246390     0.304336     0.342895     0.327677     0.251286     0.217342     0.221759     0.209440     0.236248     0.433951     0.758022     0.820334     0.658503     0.279675     0.104327     0.072310     0.120711     0.332934     0.669712     0.824874     0.841411     0.714595     0.363539     0.175350     0.249135     0.653848     0.909002     0.965625     0.925409     0.716778     0.328853     0.293541     0.536777     0.673955     0.569965     0.290974     0.152184     0.212027     0.463583     0.551766     0.365427     0.163472     0.110908     0.242696     0.651486     0.848600     0.815536     0.530151     0.255722     0.231361     0.275977     0.267041     0.248206     0.402131     0.742471     0.871289     0.855519     0.683597     0.305875     0.126500     0.095096
    0.244069     0.261797     0.195732     0.122351     0.101777     0.109200     0.131103     0.196201     0.402395     0.610153     0.644561     0.602574     0.590173     0.600960     0.503450     0.303475     0.138307     0.083534     0.082655     0.106499     0.173216     0.294565     0.390904     0.404578     0.308003     0.165765     0.104780     0.151240     0.408085     0.753980     0.880416     0.846704     0.597768     0.233711     0.146012     0.192902     0.233671     0.201649     0.145685     0.160160     0.269929     0.407121     0.331967     0.165459     0.084526     0.106786     0.340501     0.803447     0.931221     0.864767     0.508380     0.184960     0.114217     0.116797     0.124573     0.161894     0.370004     0.794170     0.940046     0.950148     0.841213     0.461443     0.194929     0.178150
    0.662540     0.691752     0.469895     0.169584     0.071254     0.055398     0.078235     0.192877     0.574915     0.842143     0.883475     0.820913     0.636531     0.371350     0.213314     0.132115     0.106858     0.148925     0.225716     0.278173     0.288297     0.249432     0.184727     0.151558     0.122897     0.092603     0.077699     0.089618     0.171863     0.364875     0.545823     0.523450     0.303394     0.132276     0.085859     0.089076     0.101439     0.122366     0.204279     0.388460     0.605106     0.642001     0.371369     0.132264     0.068307     0.123283     0.444667     0.852744     0.928002     0.799738     0.356343     0.120349     0.078012     0.088807     0.106584     0.138888     0.290543     0.689717     0.885974     0.914316     0.806586     0.466691     0.278730     0.430598
    0.889397     0.914043     0.744663     0.268610     0.080562     0.042669     0.057332     0.171805     0.592480     0.873648     0.913662     0.825503     0.537289     0.228390     0.121154     0.105820     0.175484     0.423730     0.688975     0.782536     0.749356     0.551381     0.239993     0.120156     0.096261     0.100065     0.109434     0.109354     0.118889     0.165336     0.226157     0.222404     0.148677     0.091477     0.072755     0.074487     0.096411     0.190394     0.485899     0.775936     0.885079     0.838682     0.497218     0.151900     0.075249     0.159737     0.567786     0.875777     0.891577     0.655756     0.221255     0.087501     0.091805     0.162109     0.229963     0.240376     0.258582     0.429440     0.629498     0.669623     0.520859     0.289953     0.300024     0.665473
    0.934259     0.963380     0.833104     0.331118     0.091717     0.042634     0.056182     0.167703     0.555609     0.821689     0.822840     0.646768     0.322578     0.143506     0.099601     0.125545     0.291970     0.716183     0.913391     0.958066     0.935356     0.788724     0.368297     0.154199     0.127735     0.185220     0.280636     0.308457     0.287929     0.281247     0.293281     0.270013     0.190026     0.115041     0.084529     0.084659     0.125423     0.304608     0.732135     0.921774     0.955246     0.874940     0.512092     0.157083     0.090306     0.218148     0.680736     0.885900     0.823781     0.446566     0.139514     0.087243     0.172281     0.447340     0.655344     0.618325     0.390763     0.235955     0.221782     0.214539     0.167230     0.131841     0.249436     0.707074
    0.894448     0.945305     0.817881     0.334663     0.106768     0.073469     0.119104     0.276918     0.600517     0.716987     0.554823     0.304071     0.150473     0.098621     0.095953     0.137589     0.326418     0.760806     0.934143     0.970371     0.948429     0.809773     0.390846     0.172218     0.178100     0.368051     0.676031     0.777623     0.770972     0.750397     0.736668     0.675821     0.482898     0.235699     0.123850     0.101628     0.140085     0.324683     0.733806     0.897968     0.902056     0.762291     0.369560     0.131401     0.114781     0.311759     0.758930     0.872333     0.710784     0.277041     0.099091     0.102878     0.279547     0.728966     0.898482     0.860631     0.588418     0.216245     0.106431     0.081393     0.068708     0.075503     0.183291     0.598323
    0.713859     0.813955     0.673811     0.291211     0.165584     0.225278     0.392572     0.626648     0.748855     0.608307     0.284343     0.128844     0.087272     0.090757     0.106865     0.133521     0.243284     0.561562     0.781948     0.843198     0.803855     0.606089     0.258366     0.133866     0.170768     0.404234     0.767394     0.885824     0.897092     0.893017     0.895773     0.877063     0.756409     0.431668     0.196332     0.129772     0.134069     0.221156     0.459269     0.630157     0.607517     0.407367     0.185053     0.107871     0.166313     0.459147     0.799237     0.804843     0.510689     0.171250     0.080180     0.107025     0.296854     0.751366     0.912164     0.880669     0.628451     0.235496     0.113724     0.085727     0.071491     0.067558     0.120391     0.359012
    0.309890     0.400865     0.337425     0.240336     0.351136     0.631820     0.812526     0.881657     0.823550     0.491809     0.166347     0.078953     0.084445     0.133283     0.177022     0.167842     0.155240     0.220509     0.314090     0.366018     0.332700     0.222896     0.114139     0.080829     0.111097     0.252120     0.558352     0.733098     0.769300     0.781122     0.808497     0.823067     0.753073     0.507959     0.287903     0.214351     0.179118     0.159857     0.178778     0.199214     0.182745     0.135151     0.099693     0.119896     0.256608     0.601888     0.775017     0.634734     0.290225     0.115575     0.081911     0.105021     0.217410     0.524837     0.716190     0.691918     0.478061     0.277453     0.247961     0.239721     0.192244     0.122195     0.096233     0.159549
    0.122842     0.151146     0.162819     0.239362     0.563314     0.855476     0.940746     0.926436     0.767660     0.333766     0.107374     0.073559     0.142190     0.318150     0.446128     0.360323     0.180011     0.113727     0.115311     0.132873     0.131111     0.100146     0.066776     0.055929     0.073581     0.136972     0.257233     0.331201     0.318468     0.313546     0.360939     0.428317     0.441073     0.390465     0.407010     0.470000     0.423084     0.288377     0.168217     0.105893     0.081851     0.077902     0.096686     0.164441     0.349759     0.621188     0.624558     0.374819     0.175898     0.134532     0.155552     0.169542     0.175336     0.219188     0.262509     0.266283     0.274536     0.427126     0.655414     0.723433     0.620280     0.349109     0.143368     0.098862
    0.082618     0.090403     0.113410     0.216267     0.560854     0.846335     0.902791     0.819310     0.533451     0.181476     0.073833     0.104054     0.318876     0.693844     0.824854     0.704439     0.309368     0.124708     0.104585     0.147649     0.179147     0.151143     0.099929     0.078061     0.105930     0.194023     0.294130     0.290678     0.185773     0.121574     0.119047     0.145560     0.182076     0.263849     0.506992     0.760478     0.800113     0.682896     0.435520     0.244450     0.162377     0.140340     0.157267     0.222884     0.361769     0.469013     0.364227     0.209139     0.181398     0.315034     0.469397     0.483995     0.345580     0.182887     0.114044     0.112978     0.210171     0.576767     0.870390     0.938143     0.894482     0.672204     0.247609     0.103294
    0.100032     0.105727     0.113574     0.156865     0.328948     0.568682     0.611965     0.441936     0.209576     0.083177     0.069827     0.189440     0.588725     0.882254     0.942431     0.840988     0.429779     0.180963     0.205339     0.399252     0.535451     0.475066     0.315779     0.239107     0.319455     0.548284     0.700736     0.636989     0.343179     0.131876     0.078974     0.080307     0.104040     0.181723     0.437028     0.779916     0.894077     0.888409     0.811481     0.691424     0.555789     0.441215     0.353386     0.295822     0.293858     0.270356     0.191433     0.155308     0.278455     0.666849     0.856030     0.867566     0.720131     0.340420     0.119216     0.084130     0.181180     0.576932     0.897666     0.971991     0.949068     0.777280     0.312087     0.126511
    0.222059     0.254968     0.218383     0.152590     0.148307     0.187748     0.186888     0.133021     0.077260     0.060455     0.116133     0.362422     0.785481     0.941355     0.952526     0.834609     0.438346     0.235994     0.391672     0.755838     0.880757     0.856424     0.745813     0.648798     0.715988     0.853083     0.917488     0.871449     0.601856     0.208498     0.094255     0.079957     0.090720     0.125882     0.254578     0.551079     0.775465     0.874703     0.906024     0.900647     0.869923     0.800350     0.623436     0.353855     0.220799     0.159399     0.119589     0.136281     0.335063     0.802012     0.956364     0.971447     0.887383     0.547747     0.168633     0.082933     0.135299     0.408512     0.782791     0.900541     0.873384     0.675387     0.289400     0.180461
    0.610257     0.709200     0.590877     0.292387     0.121615     0.080481     0.070136     0.064191     0.070776     0.114279     0.266117     0.621507     0.872290     0.928630     0.880905     0.676984     0.303716     0.210223     0.440670     0.830457     0.938363     0.919575     0.827225     0.730282     0.776353     0.886015     0.937463     0.900950     0.665379     0.245960     0.119202     0.113736     0.127452     0.124089     0.132872     0.211120     0.376648     0.617698     0.794926     0.882108     0.898519     0.834613     0.610452     0.292773     0.163061     0.119120     0.098318     0.119536     0.298106     0.762378     0.943086     0.972890     0.909601     0.611457     0.192808     0.082860     0.090549     0.195705     0.422541     0.575778     0.530611     0.344216     0.221179     0.343053
    0.859745     0.928822     0.854486     0.529623     0.164731     0.071071     0.068055     0.107067     0.190273     0.333888     0.567143     0.766802     0.824850     0.773667     0.605836     0.323093     0.142987     0.130407     0.298500     0.663707     0.803837     0.762137     0.589601     0.428735     0.487844     0.680849     0.783083     0.738020     0.480846     0.204382     0.154159     0.230855     0.302550     0.255164     0.149666     0.099503     0.118816     0.211673     0.391133     0.598911     0.674790     0.583099     0.354484     0.199894     0.171207     0.169082     0.145647     0.128362     0.209094     0.537203     0.797243     0.866168     0.787939     0.466364     0.161760     0.082214     0.077924     0.104271     0.153004     0.181969     0.162383     0.132595     0.197835     0.552177
    0.919808     0.975858     0.925800     0.660459     0.210359     0.101326     0.156810     0.337297     0.583004     0.734373     0.767670     0.679429     0.506780     0.326276     0.196806     0.108436     0.069904     0.076086     0.133970     0.257963     0.328773     0.285056     0.189842     0.133385     0.156033     0.239194     0.308019     0.292176     0.200714     0.144601     0.221070     0.512670     0.714725     0.646784     0.362527     0.153240     0.084887     0.085591     0.126256     0.187704     0.220580     0.201014     0.169656     0.221952     0.370845     0.459796     0.400296     0.251920     0.160290     0.223993     0.365876     0.455754     0.393345     0.223822     0.119478     0.103851     0.123263     0.137994     0.128925     0.101532     0.074970     0.077944     0.191334     0.633772
    0.883045     0.953384     0.895796     0.614413     0.219325     0.174280     0.409802     0.737906     0.875710     0.878510     0.719786     0.376069     0.174085     0.098340     0.072139     0.066255     0.069507     0.073608     0.080947     0.099114     0.108883     0.097516     0.082584     0.083643     0.098899     0.115673     0.121262     0.113515     0.100713     0.118569     0.252875     0.644614     0.863920     0.864368     0.702105     0.412221     0.227323     0.144643     0.102755     0.086826     0.085671     0.093479     0.155264     0.416441     0.757431     0.863962     0.819911     0.580430     0.217881     0.118993     0.129995     0.158375     0.157911     0.134599     0.142688     0.222647     0.340006     0.392461     0.332703     0.213927     0.113786     0.082333     0.168806     0.556904
