    0.212634     0.532872     0.743923     0.751415     0.577960     0.322203     0.365446     0.637334     0.760754     0.693695     0.407894     0.164478     0.139524     0.323988     0.724325     0.844739     0.746839     0.426603     0.150684     0.068165     0.102739     0.326703     0.714523     0.802368     0.564891     0.176869     0.067953     0.082413     0.261297     0.773957     0.961914     0.991858     0.946681     0.718920     0.228563     0.084535     0.113086     0.342817     0.718850     0.702936     0.345382     0.117954     0.061744     0.078323     0.195487     0.578714     0.870520     0.939293     0.912346     0.740501     0.363177     0.285585     0.585675     0.890476     0.975508     0.973832     0.867315     0.458160     0.145446     0.096493     0.170170     0.297266     0.369015     0.336196 
    0.380278     0.802842     0.939355     0.933515     0.778968     0.356032     0.195721     0.234052     0.281783     0.250756     0.155453     0.096661     0.134932     0.391327     0.839274     0.954118     0.929283     0.757291     0.352789     0.118948     0.087134     0.176849     0.411799     0.532329     0.331907     0.121553     0.057526     0.066597     0.192491     0.629233     0.901482     0.967679     0.937482     0.726027     0.237121     0.080723     0.082403     0.246809     0.696542     0.813861     0.603955     0.235155     0.085475     0.068643     0.146828     0.453466     0.813502     0.916032     0.883478     0.677126     0.295590     0.206850     0.426240     0.797224     0.939811     0.961656     0.877365     0.508595     0.160809     0.078278     0.079694     0.104677     0.124935     0.139135 
    0.446361     0.846554     0.959524     0.945261     0.774832     0.308800     0.122177     0.105138     0.127431     0.130041     0.102993     0.080959     0.115337     0.337469     0.807314     0.958326     0.973896     0.898425     0.593651     0.194155     0.093852     0.116502     0.228922     0.359778     0.285393     0.142930     0.071575     0.056839     0.107419     0.325048     0.666696     0.811250     0.777397     0.513740     0.167297     0.064284     0.064473     0.196642     0.665688     0.872649     0.806386     0.461580     0.148214     0.071176     0.095452     0.237114     0.524064     0.677401     0.614956     0.365067     0.156878     0.111657     0.206426     0.501803     0.764290     0.844367     0.768307     0.445030     0.188208     0.119159     0.102176     0.092482     0.083038     0.085248 
    0.328413     0.683921     0.836887     0.811703     0.578087     0.211415     0.104035     0.130785     0.216846     0.263078     0.224916     0.142528     0.110055     0.228879     0.636334     0.886526     0.950506     0.908097     0.654200     0.223564     0.098002     0.101407     0.204563     0.447052     0.502442     0.329836     0.159770     0.079157     0.068583     0.120852     0.236565     0.330390     0.315420     0.194805     0.085636     0.046965     0.053201     0.164949     0.617115     0.888998     0.901676     0.698879     0.259308     0.093237     0.073528     0.110630     0.187970     0.239988     0.222859     0.156951     0.103269     0.082206     0.099385     0.184135     0.323496     0.434894     0.428856     0.328612     0.310243     0.330218     0.314164     0.257275     0.178916     0.113370 
    0.153645     0.271318     0.384618     0.369938     0.237256     0.124392     0.136517     0.324534     0.624079     0.743048     0.670079     0.399587     0.162977     0.140641     0.323165     0.639375     0.794039     0.758972     0.479116     0.171435     0.083969     0.093203     0.230588     0.636906     0.800862     0.715170     0.434483     0.182203     0.091564     0.082754     0.110059     0.139629     0.138593     0.103976     0.066917     0.046754     0.052522     0.149384     0.567394     0.887951     0.938050     0.826221     0.420783     0.153058     0.103475     0.117057     0.141009     0.160779     0.179678     0.192959     0.176722     0.127624     0.091241     0.090018     0.116289     0.152755     0.193364     0.303221     0.599856     0.780254     0.810036     0.749237     0.571520     0.307372 
    0.084456     0.095418     0.127422     0.134263     0.113370     0.110529     0.219298     0.606496     0.876883     0.944805     0.911858     0.711883     0.269430     0.114364     0.131446     0.242160     0.357433     0.351199     0.212741     0.100842     0.064356     0.083205     0.244012     0.718581     0.898597     0.892241     0.740873     0.403765     0.196551     0.164122     0.202026     0.241885     0.247823     0.210839     0.147550     0.090565     0.072756     0.151360     0.520992     0.874384     0.943667     0.873691     0.578001     0.276828     0.247141     0.310569     0.357611     0.393570     0.461906     0.533042     0.490509     0.299008     0.144041     0.086814     0.074160     0.081468     0.118187     0.268885     0.678345     0.899252     0.950688     0.942188     0.875653     0.668878 
    0.072796     0.057729     0.076289     0.104667     0.127784     0.156022     0.296032     0.708191     0.919302     0.971754     0.955270     0.803867     0.329497     0.116868     0.084920     0.119834     0.181322     0.192498     0.132008     0.078022     0.059456     0.092087     0.290275     0.755204     0.910885     0.913566     0.817028     0.570467     0.380178     0.439300     0.614002     0.718940     0.738719     0.677019     0.502825     0.272659     0.138154     0.162357     0.434477     0.800437     0.886864     0.811809     0.574195     0.408507     0.550204     0.733183     0.791527     0.793526     0.804365     0.823221     0.768596     0.520106     0.231299     0.122932     0.089761     0.079068     0.091078     0.183085     0.501372     0.808985     0.924647     0.957301     0.945109     0.830939 
    0.086011     0.061201     0.099818     0.203338     0.301537     0.313218     0.342028     0.599229     0.808275     0.889319     0.880398     0.709173     0.282513     0.110681     0.088709     0.143321     0.265869     0.303761     0.200631     0.103333     0.082989     0.160327     0.461658     0.817296     0.894992     0.826830     0.649109     0.430183     0.384862     0.599008     0.829979     0.917539     0.938592     0.924395     0.847633     0.608763     0.254838     0.164770     0.275577     0.531741     0.619821     0.499072     0.320120     0.316845     0.577014     0.809341     0.857628     0.814992     0.762377     0.735871     0.673043     0.484682     0.300044     0.239361     0.207163     0.159854     0.112453     0.111600     0.218452     0.458379     0.699876     0.821842     0.859789     0.775394 
    0.117992     0.083140     0.181364     0.497595     0.708753     0.627723     0.355950     0.306127     0.408422     0.537479     0.558846     0.393553     0.173329     0.096246     0.114212     0.269304     0.601865     0.685076     0.462173     0.190547     0.150159     0.330220     0.719718     0.885576     0.841540     0.573331     0.275509     0.164881     0.197680     0.422932     0.751499     0.902048     0.948944     0.953609     0.906520     0.701036     0.290564     0.141673     0.141761     0.199457     0.215833     0.170887     0.129901     0.164080     0.338317     0.579244     0.624213     0.484636     0.334321     0.274194     0.263409     0.284765     0.421429     0.589330     0.621497     0.496257     0.275912     0.122506     0.094621     0.139723     0.230897     0.351760     0.461548     0.436917 
    0.167233     0.107792     0.250821     0.689293     0.862320     0.734462     0.314120     0.143900     0.134047     0.180115     0.224761     0.200685     0.129617     0.096089     0.143235     0.402405     0.805381     0.875554     0.686849     0.284369     0.225658     0.501445     0.838673     0.896686     0.732719     0.308514     0.105979     0.063496     0.083125     0.176734     0.401219     0.660143     0.783228     0.807170     0.735492     0.485854     0.196233     0.102209     0.090241     0.102115     0.105358     0.092661     0.082939     0.099089     0.161788     0.254107     0.269379     0.188713     0.115173     0.088212     0.104102     0.215989     0.592151     0.852004     0.908952     0.855762     0.625588     0.222153     0.082911     0.059989     0.075585     0.118663     0.182666     0.214416 
    0.229343     0.125372     0.238072     0.622858     0.778737     0.598637     0.219288     0.087941     0.073962     0.118570     0.221323     0.275959     0.202109     0.124569     0.159165     0.447242     0.843255     0.901492     0.719192     0.278781     0.205019     0.442507     0.754276     0.775286     0.511452     0.169996     0.061209     0.042125     0.048647     0.072662     0.127312     0.207510     0.271695     0.293027     0.255892     0.169424     0.096900     0.079291     0.096681     0.131125     0.156662     0.151292     0.125889     0.110591     0.129969     0.179966     0.210225     0.164693     0.098113     0.062803     0.074104     0.204140     0.663913     0.922501     0.978626     0.959102     0.805873     0.324197     0.102620     0.056507     0.066867     0.126280     0.234781     0.319923 
    0.317408     0.165983     0.199712     0.386742     0.472939     0.305274     0.125970     0.068689     0.080845     0.188094     0.480306     0.633477     0.455334     0.197139     0.167412     0.423989     0.823914     0.878265     0.665115     0.214729     0.121624     0.210686     0.373409     0.383212     0.226884     0.101600     0.064856     0.062985     0.066730     0.066455     0.066218     0.073371     0.083441     0.088945     0.085521     0.077012     0.081612     0.124071     0.226482     0.367836     0.473776     0.465364     0.350810     0.219318     0.179814     0.245403     0.364659     0.349824     0.218498     0.112427     0.084954     0.183360     0.595054     0.896215     0.970537     0.958555     0.815888     0.343721     0.116272     0.080414     0.143440     0.355493     0.636482     0.763150 
    0.443708     0.311176     0.298578     0.361304     0.357981     0.231809     0.127852     0.091729     0.119517     0.297614     0.712753     0.836601     0.641534     0.251609     0.169314     0.398407     0.808499     0.866991     0.642811     0.185244     0.076192     0.090916     0.135101     0.145887     0.123427     0.123082     0.159184     0.199809     0.209372     0.171310     0.107307     0.067090     0.056463     0.063054     0.082874     0.119155     0.195459     0.359195     0.622063     0.799515     0.868401     0.860363     0.745580     0.451269     0.269486     0.347455     0.616443     0.715916     0.575748     0.309115     0.149476     0.148898     0.374697     0.718345     0.849011     0.836965     0.650739     0.258243     0.112894     0.126081     0.319765     0.719357     0.902357     0.946983 
    0.510215     0.560410     0.604830     0.640304     0.610752     0.478844     0.331450     0.239148     0.216966     0.356941     0.690096     0.762829     0.532624     0.207767     0.158161     0.404904     0.822924     0.891086     0.701852     0.213547     0.069911     0.055762     0.070770     0.097800     0.168663     0.328090     0.539496     0.680503     0.698758     0.572386     0.313224     0.135075     0.093103     0.132476     0.238234     0.390268     0.585184     0.753342     0.865935     0.924410     0.948498     0.938440     0.840115     0.514750     0.255041     0.291982     0.597973     0.829231     0.839787     0.669332     0.335718     0.149181     0.165103     0.291740     0.403221     0.404907     0.284390     0.144095     0.102968     0.167035     0.468990     0.856555     0.965736     0.979617 
    0.370847     0.539320     0.669546     0.761695     0.814177     0.814846     0.765322     0.645619     0.452757     0.359652     0.429812     0.406769     0.245397     0.123176     0.144949     0.434192     0.852292     0.927512     0.785847     0.282814     0.085034     0.051257     0.065007     0.137625     0.376009     0.708972     0.868254     0.924909     0.930314     0.868996     0.645228     0.288297     0.207633     0.373251     0.660126     0.809406     0.865622     0.876008     0.864538     0.856193     0.857235     0.831408     0.688680     0.343642     0.153893     0.155290     0.359173     0.738901     0.894779     0.858241     0.592300     0.199048     0.095942     0.102447     0.132156     0.151268     0.144909     0.119318     0.107919     0.164611     0.429992     0.808333     0.927846     0.935293 
    0.184986     0.272253     0.386552     0.554880     0.730258     0.842407     0.876130     0.820796     0.622555     0.364350     0.263877     0.200037     0.125828     0.087395     0.139627     0.444519     0.865129     0.947633     0.833651     0.346873     0.104382     0.058579     0.086844     0.238583     0.631445     0.868697     0.935208     0.952491     0.951065     0.909027     0.736191     0.389761     0.335510     0.618270     0.857297     0.916576     0.881381     0.760802     0.593061     0.471377     0.429923     0.395742     0.294713     0.156082     0.084789     0.078252     0.173273     0.521844     0.856170     0.904674     0.722907     0.237178     0.080107     0.059180     0.081127     0.142758     0.220365     0.227124     0.164800     0.140166     0.246554     0.517939     0.696912     0.709814 
    0.120453     0.139565     0.155563     0.208404     0.346508     0.565504     0.704148     0.701467     0.559988     0.392916     0.332848     0.263912     0.164401     0.101640     0.134548     0.386737     0.815134     0.917608     0.798504     0.335717     0.110927     0.077824     0.147669     0.396263     0.746816     0.846224     0.836625     0.819644     0.802480     0.735349     0.529817     0.280997     0.280300     0.550755     0.784646     0.813621     0.673895     0.380395     0.189498     0.125857     0.122619     0.137586     0.136296     0.104802     0.070067     0.055030     0.094318     0.324674     0.788806     0.898289     0.746493     0.238868     0.072154     0.055118     0.114407     0.325555     0.587481     0.607937     0.371206     0.158241     0.121019     0.171698     0.225566     0.234527 
    0.188434     0.178907     0.127018     0.094274     0.110900     0.173533     0.244047     0.287062     0.323112     0.456989     0.641238     0.633638     0.418787     0.186536     0.132726     0.258730     0.595463     0.728291     0.579512     0.232856     0.109548     0.140483     0.316879     0.615682     0.744077     0.605186     0.409856     0.315208     0.287924     0.260532     0.196978     0.137323     0.149054     0.256623     0.393112     0.404208     0.278678     0.139314     0.069941     0.052213     0.068967     0.120403     0.178562     0.166422     0.100122     0.060039     0.072488     0.240003     0.738538     0.882065     0.735017     0.225786     0.065868     0.063926     0.195146     0.630491     0.871683     0.872369     0.627367     0.208876     0.088713     0.077088     0.086831     0.094907 
    0.514175     0.477007     0.285241     0.122078     0.063615     0.061458     0.080010     0.110683     0.197177     0.484801     0.817385     0.878103     0.732542     0.335195     0.145372     0.141017     0.232618     0.283833     0.222677     0.129605     0.140930     0.331255     0.650738     0.800764     0.693137     0.301004     0.120437     0.079461     0.084469     0.102556     0.112354     0.104608     0.099363     0.118772     0.152936     0.168048     0.151540     0.112968     0.077346     0.065309     0.109343     0.267922     0.458611     0.422880     0.199102     0.084600     0.074525     0.222915     0.725825     0.879886     0.739420     0.232120     0.066897     0.075063     0.263776     0.781079     0.947938     0.930367     0.698324     0.221275     0.084718     0.073558     0.088677     0.099399 
    0.823508     0.833589     0.654809     0.296149     0.106149     0.055749     0.052777     0.071027     0.141262     0.400372     0.793124     0.898683     0.801449     0.414272     0.164247     0.107015     0.110330     0.113650     0.100894     0.107295     0.238669     0.639996     0.870294     0.887023     0.661467     0.190347     0.052141     0.036168     0.063913     0.129795     0.193620     0.179265     0.118250     0.093044     0.106799     0.166727     0.261139     0.276841     0.206141     0.145004     0.232186     0.588465     0.815176     0.754136     0.351555     0.116901     0.083964     0.235711     0.745972     0.898604     0.782345     0.290547     0.084027     0.087061     0.301120     0.821014     0.954448     0.908826     0.614411     0.188564     0.096341     0.139703     0.216224     0.231196 
    0.835646     0.918064     0.859782     0.613292     0.286225     0.146667     0.106952     0.100301     0.123007     0.248976     0.549477     0.708516     0.642085     0.371725     0.203843     0.147289     0.115522     0.088505     0.080134     0.122880     0.352636     0.810556     0.945283     0.908141     0.614825     0.156300     0.042800     0.045516     0.130781     0.350168     0.541411     0.464326     0.215490     0.113797     0.137709     0.333311     0.655530     0.736770     0.588914     0.335499     0.384588     0.756322     0.912222     0.841936     0.406493     0.124085     0.087457     0.250238     0.769130     0.924445     0.848072     0.425033     0.125412     0.101568     0.307869     0.810016     0.930731     0.832601     0.425393     0.143300     0.146608     0.375102     0.631325     0.644739 
    0.621615     0.834046     0.882328     0.819184     0.661846     0.493343     0.378844     0.290923     0.197434     0.156995     0.210908     0.275933     0.314899     0.357806     0.395363     0.370679     0.261483     0.134967     0.091809     0.139068     0.405970     0.847384     0.949642     0.872888     0.493910     0.125334     0.046445     0.087707     0.313097     0.718385     0.865742     0.767026     0.350317     0.146972     0.186218     0.524300     0.860692     0.917098     0.789600     0.445680     0.395237     0.716550     0.886662     0.810665     0.354291     0.104258     0.079567     0.239350     0.752525     0.933063     0.896109     0.573510     0.179021     0.114210     0.277929     0.735458     0.857856     0.678984     0.255267     0.115572     0.226656     0.673865     0.891984     0.892970 
    0.249198     0.491366     0.687169     0.779636     0.823158     0.836739     0.822778     0.734723     0.461517     0.184409     0.110714     0.123459     0.237175     0.564836     0.778334     0.801238     0.634899     0.266522     0.119403     0.133072     0.340387     0.750932     0.858680     0.720849     0.305931     0.089852     0.063810     0.183420     0.585895     0.887392     0.948499     0.838646     0.385092     0.149681     0.192147     0.558155     0.880486     0.913662     0.734200     0.327432     0.233256     0.484597     0.782984     0.742337     0.307034     0.089762     0.066079     0.187491     0.626036     0.877782     0.871202     0.584767     0.197211     0.113657     0.209863     0.534789     0.665679     0.426674     0.151718     0.101778     0.271437     0.785630     0.955855     0.955936 
    0.084289     0.150882     0.253444     0.429820     0.680980     0.855736     0.920786     0.886739     0.645287     0.228586     0.097978     0.106248     0.288879     0.752352     0.927080     0.942946     0.816658     0.373673     0.137676     0.108748     0.199739     0.424015     0.514302     0.357384     0.148916     0.077274     0.128743     0.385944     0.793943     0.943158     0.945198     0.784118     0.308614     0.117911     0.148231     0.418977     0.756386     0.757916     0.465514     0.164564     0.110276     0.268614     0.667057     0.725337     0.379659     0.123297     0.063435     0.113400     0.340142     0.634794     0.663724     0.397899     0.157136     0.100656     0.144896     0.300026     0.409206     0.263245     0.116351     0.096942     0.265848     0.778338     0.955247     0.961321 
    0.071158     0.068193     0.083442     0.143755     0.314794     0.621663     0.810106     0.813502     0.567289     0.201982     0.093968     0.121747     0.366777     0.835535     0.963075     0.959270     0.820163     0.361740     0.131777     0.096481     0.125667     0.182096     0.194765     0.142153     0.094877     0.125022     0.324010     0.699731     0.908297     0.951221     0.884862     0.601436     0.193974     0.081114     0.101497     0.240475     0.450175     0.397551     0.190633     0.074855     0.065020     0.194138     0.636715     0.806588     0.635471     0.285181     0.108005     0.077756     0.134697     0.239103     0.273852     0.192685     0.114074     0.090939     0.118029     0.217180     0.353214     0.296644     0.154219     0.103898     0.216950     0.656417     0.896130     0.917716 
    0.204869     0.114336     0.064064     0.061063     0.108627     0.239628     0.425118     0.479817     0.302865     0.132190     0.085394     0.133998     0.401450     0.842521     0.946925     0.905670     0.685538     0.265236     0.128382     0.134002     0.161517     0.155728     0.121918     0.097206     0.114362     0.265742     0.656007     0.888657     0.949268     0.912088     0.718104     0.315693     0.100116     0.059468     0.093514     0.204467     0.322775     0.239507     0.105901     0.048984     0.054369     0.178509     0.643798     0.882550     0.860084     0.629409     0.259830     0.100354     0.082492     0.117962     0.162835     0.165231     0.129062     0.098572     0.113279     0.222086     0.480653     0.535825     0.316222     0.143841     0.148730     0.374279     0.666821     0.717812 
    0.640873     0.344088     0.121541     0.058493     0.062454     0.119202     0.229755     0.291066     0.205541     0.111882     0.084592     0.128336     0.338830     0.730907     0.826192     0.704786     0.390196     0.181530     0.204171     0.333716     0.403779     0.308320     0.158590     0.109396     0.161283     0.431062     0.828088     0.942776     0.925879     0.774942     0.405458     0.133507     0.054730     0.061026     0.150034     0.374665     0.524422     0.369056     0.144106     0.056149     0.053241     0.160981     0.595827     0.899849     0.946989     0.853592     0.511877     0.169885     0.096573     0.144772     0.279642     0.353014     0.279064     0.151922     0.117788     0.227855     0.600560     0.775513     0.613026     0.256880     0.120477     0.151001     0.247297     0.279242 
    0.894820     0.671070     0.233463     0.087540     0.085318     0.187075     0.380932     0.485734     0.366290     0.181119     0.103622     0.113676     0.210884     0.402012     0.442150     0.305396     0.177254     0.206747     0.479224     0.752709     0.808910     0.630549     0.251265     0.127797     0.171042     0.439915     0.804782     0.884557     0.783167     0.469977     0.168228     0.060210     0.043467     0.092498     0.314764     0.711179     0.837421     0.705169     0.318761     0.097222     0.056567     0.124336     0.446350     0.844506     0.949441     0.910600     0.651145     0.231273     0.144015     0.296433     0.654267     0.784460     0.665632     0.305774     0.135589     0.197442     0.579875     0.849906     0.801357     0.439323     0.145161     0.087046     0.101085     0.117185 
    0.952225     0.794332     0.312293     0.125270     0.166784     0.460870     0.769017     0.846743     0.733413     0.385334     0.156949     0.114935     0.142243     0.188901     0.182535     0.135744     0.144169     0.354212     0.756030     0.919996     0.921423     0.728508     0.269462     0.114100     0.121151     0.258934     0.521569     0.593120     0.416102     0.186524     0.073004     0.040783     0.051595     0.153917     0.553785     0.883751     0.954708     0.891164     0.593062     0.176449     0.067515     0.085809     0.255127     0.645877     0.834664     0.811768     0.546778     0.213173     0.183759     0.470249     0.852749     0.942302     0.859589     0.473603     0.157351     0.155617     0.477931     0.846528     0.875755     0.613231     0.188677     0.077820     0.072716     0.100948 
    0.916728     0.745822     0.293804     0.144340     0.260195     0.708625     0.925012     0.959386     0.883840     0.576403     0.218682     0.131261     0.131390     0.136008     0.120699     0.111336     0.195710     0.567047     0.878049     0.949512     0.890229     0.600241     0.191754     0.077685     0.071364     0.115238     0.200302     0.239781     0.182308     0.103511     0.058793     0.045751     0.068992     0.218269     0.715366     0.944863     0.988056     0.954428     0.756010     0.251572     0.081839     0.063402     0.119337     0.276955     0.433912     0.421087     0.253224     0.133173     0.177153     0.524355     0.894287     0.970503     0.899234     0.529346     0.160847     0.129272     0.400797     0.831215     0.897052     0.686848     0.210687     0.078549     0.082862     0.176674 
    0.717687     0.494090     0.192070     0.125761     0.271731     0.736610     0.933271     0.957889     0.880352     0.589193     0.245364     0.165215     0.160444     0.141721     0.116524     0.120582     0.250452     0.690483     0.908533     0.915929     0.739275     0.320971     0.095105     0.045716     0.049760     0.084629     0.160246     0.245649     0.255185     0.188701     0.107162     0.068853     0.086232     0.245033     0.741115     0.947582     0.985971     0.954162     0.768426     0.268419     0.089789     0.063597     0.085484     0.133994     0.172946     0.157708     0.108513     0.082988     0.139406     0.437458     0.848745     0.940517     0.847135     0.438259     0.137085     0.123220     0.393598     0.830012     0.892204     0.664162     0.195781     0.077335     0.120391     0.378445 
    0.307220     0.212077     0.111406     0.093867     0.192102     0.535711     0.785272     0.824009     0.713042     0.436818     0.273169     0.285370     0.283599     0.195028     0.126427     0.121219     0.246600     0.665896     0.872106     0.819992     0.466066     0.137016     0.043845     0.036401     0.068548     0.166285     0.379704     0.620149     0.688263     0.558674     0.278695     0.119682     0.095884     0.204298     0.598631     0.856750     0.914377     0.855354     0.604839     0.207231     0.093540     0.103702     0.158571     0.199939     0.178483     0.116706     0.075462     0.063339     0.099373     0.283902     0.678109     0.795735     0.640965     0.261837     0.100913     0.131226     0.437359     0.839125     0.865397     0.554599     0.152079     0.070477     0.160496     0.577249 
    0.205619     0.184912     0.124109     0.087343     0.104688     0.206229     0.328086     0.363569     0.310470     0.277968     0.425010     0.617008     0.603236     0.336519     0.147734     0.107155     0.183066     0.493090     0.762922     0.697725     0.298579     0.089578     0.051355     0.080884     0.190185     0.448873     0.751997     0.890896     0.917767     0.835175     0.514116     0.183702     0.095858     0.121387     0.278085     0.504108     0.592997     0.484621     0.264326     0.122773     0.131840     0.278301     0.487614     0.575395     0.444999     0.205122     0.091392     0.064093     0.084468     0.178839     0.373679     0.422056     0.272502     0.119807     0.074061     0.141396     0.480718     0.842052     0.820822     0.405251     0.104345     0.058566     0.171395     0.645787 
    0.400022     0.435935     0.309533     0.158479     0.087576     0.087351     0.109932     0.123127     0.143154     0.276731     0.664906     0.857053     0.823081     0.492531     0.169074     0.090693     0.119702     0.296232     0.620468     0.668673     0.396997     0.219269     0.201927     0.298166     0.531787     0.774822     0.897283     0.937437     0.933363     0.849547     0.537403     0.192939     0.090982     0.076742     0.104136     0.152107     0.171430     0.141321     0.097539     0.107368     0.274408     0.651044     0.857016     0.895771     0.780478     0.391595     0.139681     0.091306     0.137997     0.250086     0.347073     0.275908     0.137299     0.069648     0.061847     0.138521     0.469853     0.826791     0.781769     0.320443     0.078872     0.047579     0.150023     0.588064 
    0.769759     0.841239     0.728282     0.397977     0.136933     0.069022     0.062650     0.072737     0.119447     0.330709     0.787744     0.928614     0.879645     0.542280     0.168692     0.078139     0.087933     0.200395     0.529766     0.763579     0.748495     0.690564     0.692508     0.747578     0.815144     0.849358     0.838278     0.809523     0.760107     0.622734     0.343831     0.164174     0.109717     0.090688     0.080922     0.075661     0.069592     0.062542     0.071289     0.161789     0.507737     0.855853     0.960624     0.967351     0.871297     0.495090     0.185693     0.166954     0.363236     0.619370     0.673357     0.448382     0.156749     0.064311     0.055119     0.118564     0.398469     0.796110     0.779772     0.357603     0.095963     0.047728     0.112449     0.423640 
    0.892731     0.958616     0.910704     0.674538     0.234781     0.090230     0.069679     0.080877     0.132159     0.349847     0.788992     0.917311     0.850858     0.477811     0.145441     0.067944     0.072372     0.148614     0.415488     0.760572     0.865652     0.876246     0.868688     0.842682     0.769871     0.633095     0.453404     0.327507     0.266180     0.225426     0.199669     0.236558     0.270133     0.257929     0.212633     0.157998     0.115330     0.098145     0.124481     0.283645     0.700037     0.914028     0.960303     0.936176     0.795812     0.406117     0.188860     0.280698     0.685388     0.886349     0.896390     0.700900     0.236195     0.075161     0.050185     0.093596     0.311996     0.763202     0.830386     0.564072     0.214220     0.087015     0.089326     0.239018 
    0.881971     0.966530     0.948128     0.790445     0.350818     0.160304     0.142756     0.155856     0.175371     0.301237     0.638160     0.795598     0.727380     0.359833     0.122422     0.064202     0.063632     0.104257     0.248688     0.548937     0.731716     0.772016     0.736113     0.614028     0.398549     0.222545     0.128558     0.089997     0.086114     0.121783     0.267157     0.581095     0.746613     0.762810     0.694130     0.555788     0.404162     0.316481     0.315309     0.466313     0.743915     0.851053     0.841166     0.742660     0.492652     0.212018     0.146091     0.325738     0.797763     0.953242     0.956043     0.805538     0.299386     0.085681     0.046356     0.073322     0.240949     0.715975     0.884974     0.813732     0.541587     0.240013     0.113897     0.126053 
    0.756967     0.900819     0.903812     0.777103     0.464106     0.357218     0.419454     0.436978     0.332734     0.245168     0.326899     0.465950     0.503922     0.315613     0.159893     0.098023     0.079983     0.085739     0.124392     0.209276     0.281711     0.298674     0.265620     0.200081     0.126081     0.075486     0.050828     0.044824     0.059743     0.134225     0.413921     0.815382     0.931710     0.941018     0.913970     0.863111     0.794552     0.707741     0.595784     0.530460     0.550521     0.514798     0.402153     0.270495     0.156439     0.088211     0.100565     0.275203     0.745233     0.930442     0.946397     0.813859     0.326819     0.093717     0.045668     0.059180     0.178018     0.603708     0.885969     0.927642     0.835512     0.545937     0.204322     0.110223 
    0.431038     0.635182     0.669914     0.560646     0.453369     0.611739     0.792809     0.807912     0.604524     0.262611     0.179358     0.265610     0.475334     0.521044     0.412051     0.292536     0.210957     0.151966     0.114121     0.101557     0.101586     0.099157     0.092003     0.082023     0.070789     0.060169     0.051451     0.049311     0.065949     0.149537     0.458758     0.843024     0.940067     0.939920     0.907370     0.856324     0.792082     0.692249     0.511797     0.326296     0.229752     0.168783     0.117709     0.079798     0.056652     0.049736     0.070182     0.173047     0.501248     0.775711     0.850256     0.753209     0.352395     0.124332     0.062106     0.056099     0.119634     0.398756     0.794523     0.923945     0.905240     0.699345     0.277272     0.129429 
    0.158265     0.207767     0.220987     0.206964     0.276052     0.603783     0.857851     0.874501     0.651471     0.249883     0.142945     0.252500     0.633690     0.820764     0.826637     0.764673     0.649675     0.458856     0.255504     0.123143     0.074949     0.066829     0.080929     0.108591     0.134287     0.137004     0.115037     0.091077     0.087956     0.137779     0.335828     0.667063     0.780733     0.760376     0.668188     0.531384     0.406188     0.312541     0.227625     0.161063     0.120797     0.088352     0.061833     0.047167     0.044931     0.051655     0.064807     0.097888     0.198399     0.366765     0.545082     0.623967     0.467446     0.273988     0.156467     0.090176     0.088308     0.205868     0.521664     0.751648     0.769090     0.566522     0.242403     0.157647 
    0.085178     0.083226     0.083519     0.089760     0.157937     0.423019     0.728720     0.727329     0.445271     0.170938     0.118721     0.247291     0.672441     0.890069     0.930871     0.922863     0.894055     0.814860     0.598742     0.260236     0.117864     0.113117     0.199183     0.334062     0.449002     0.465357     0.377802     0.264650     0.188625     0.162726     0.195905     0.274335     0.298518     0.262624     0.206456     0.157932     0.129830     0.119932     0.123575     0.146860     0.169436     0.153273     0.116043     0.094660     0.099922     0.119631     0.127066     0.111305     0.102719     0.137962     0.263345     0.556967     0.723216     0.687710     0.495867     0.239711     0.107836     0.104963     0.191477     0.296015     0.316386     0.232922     0.153223     0.219981 
    0.072130     0.062848     0.062315     0.074856     0.133128     0.295875     0.482013     0.400749     0.198648     0.094877     0.086949     0.178908     0.489368     0.760580     0.851336     0.887544     0.912675     0.907746     0.800038     0.462620     0.231142     0.282016     0.565551     0.784355     0.861612     0.859705     0.797402     0.678328     0.519401     0.364483     0.239602     0.156925     0.118284     0.098246     0.087096     0.080431     0.078066     0.089574     0.143407     0.298168     0.467551     0.490045     0.408542     0.351144     0.369344     0.422361     0.410132     0.282922     0.137746     0.099044     0.191018     0.571676     0.861205     0.913075     0.833129     0.542395     0.188655     0.093909     0.097542     0.119669     0.120464     0.101768     0.114762     0.285713 
    0.080212     0.070230     0.077004     0.123311     0.259672     0.450940     0.525564     0.339453     0.137484     0.067961     0.061946     0.095135     0.192678     0.327537     0.454535     0.594044     0.732982     0.814787     0.774137     0.527207     0.342118     0.491769     0.804118     0.927521     0.947757     0.922506     0.870679     0.818258     0.783656     0.710598     0.498993     0.224370     0.112277     0.093876     0.110090     0.119651     0.108501     0.116890     0.229981     0.589113     0.825514     0.867044     0.838012     0.813501     0.828740     0.858375     0.838570     0.660076     0.268087     0.123071     0.182451     0.556701     0.887411     0.962605     0.927506     0.714135     0.270128     0.128800     0.123472     0.128785     0.105748     0.079419     0.105286     0.314958 
    0.138824     0.104568     0.121581     0.263831     0.613258     0.805451     0.805180     0.583065     0.226047     0.084498     0.054876     0.057594     0.074443     0.096472     0.121940     0.173391     0.281346     0.427129     0.462812     0.336236     0.279398     0.464899     0.775943     0.885276     0.870343     0.784743     0.681391     0.664221     0.774254     0.844748     0.743117     0.387924     0.173639     0.164252     0.259438     0.303622     0.227493     0.170470     0.280076     0.677016     0.893416     0.931418     0.914661     0.900037     0.913551     0.938609     0.930775     0.790098     0.346686     0.138852     0.154547     0.423401     0.801300     0.914311     0.879170     0.660964     0.291506     0.223937     0.308398     0.333096     0.234262     0.117001     0.111372     0.316720 
    0.367663     0.204426     0.184940     0.400939     0.801898     0.932921     0.932105     0.808584     0.440110     0.152199     0.071445     0.052972     0.047556     0.044962     0.048089     0.068783     0.119922     0.188695     0.209507     0.171063     0.159399     0.249041     0.458717     0.576374     0.499235     0.324056     0.222238     0.269877     0.561715     0.832750     0.824588     0.514324     0.248061     0.297851     0.589202     0.687200     0.476168     0.233025     0.238478     0.514411     0.762948     0.813229     0.773613     0.739228     0.761471     0.811498     0.815758     0.661044     0.277744     0.115493     0.103627     0.217099     0.486231     0.650046     0.593443     0.374060     0.248490     0.421989     0.720787     0.783655     0.602567     0.235146     0.133799     0.304666 
    0.740668     0.385692     0.222492     0.375502     0.758426     0.913889     0.938843     0.881213     0.648805     0.288107     0.142880     0.096905     0.076004     0.066405     0.073874     0.110827     0.177037     0.219610     0.181077     0.125704     0.101850     0.117052     0.167446     0.196262     0.161489     0.102561     0.075287     0.122236     0.366692     0.758047     0.789738     0.476291     0.237510     0.326990     0.689805     0.793788     0.555503     0.227957     0.153063     0.239066     0.379570     0.393167     0.298864     0.238119     0.251260     0.315170     0.356073     0.283482     0.144886     0.079846     0.066852     0.092840     0.158862     0.205927     0.186844     0.143004     0.196798     0.547393     0.879778     0.939329     0.811537     0.353596     0.153775     0.275115 
    0.866327     0.474813     0.191194     0.209588     0.450744     0.691801     0.781551     0.773516     0.665445     0.479278     0.372267     0.309333     0.263464     0.244483     0.276833     0.386270     0.528352     0.526885     0.308877     0.143161     0.088894     0.085345     0.106316     0.120452     0.103097     0.072535     0.061782     0.096946     0.259721     0.599318     0.625498     0.319458     0.161683     0.230206     0.526420     0.636185     0.390625     0.163652     0.113099     0.163959     0.252066     0.237702     0.140802     0.082537     0.076339     0.101629     0.133661     0.135066     0.101289     0.070662     0.056452     0.059546     0.075443     0.087264     0.082990     0.082996     0.164745     0.531271     0.888106     0.955008     0.840952     0.377501     0.146919     0.220196 
    0.862656     0.429397     0.139624     0.093303     0.141476     0.219566     0.283422     0.337616     0.415524     0.566103     0.723071     0.773123     0.766842     0.757265     0.779629     0.833421     0.873181     0.805251     0.468559     0.174023     0.098962     0.120969     0.195052     0.243518     0.202993     0.118016     0.082100     0.097170     0.184108     0.361596     0.381327     0.211898     0.135014     0.188508     0.366618     0.413677     0.229835     0.121894     0.134800     0.286137     0.473653     0.445529     0.235542     0.093251     0.059681     0.079267     0.137946     0.192554     0.181660     0.129790     0.094121     0.092199     0.113728     0.133939     0.129695     0.114715     0.154937     0.409257     0.787378     0.876753     0.731052     0.293020     0.114937     0.150911 
    0.759160     0.311250     0.103276     0.060405     0.061118     0.073104     0.089061     0.119353     0.208166     0.461989     0.771317     0.880025     0.898107     0.897009     0.905033     0.921345     0.915684     0.805648     0.433483     0.166923     0.141716     0.296312     0.561768     0.681786     0.559251     0.252680     0.117415     0.099508     0.142912     0.242295     0.310991     0.273205     0.266661     0.365757     0.518314     0.468123     0.223366     0.135034     0.226729     0.595890     0.826121     0.811049     0.539826     0.184443     0.095208     0.146483     0.346499     0.546145     0.552148     0.412115     0.300322     0.297580     0.373081     0.443734     0.424387     0.318144     0.217530     0.267005     0.484989     0.574372     0.410282     0.168938     0.084387     0.099796 
    0.468087     0.187025     0.095785     0.084214     0.085070     0.085479     0.090591     0.109520     0.164132     0.318163     0.585052     0.728420     0.761431     0.762027     0.767186     0.772173     0.729329     0.545383     0.249409     0.141209     0.247926     0.624652     0.864963     0.917780     0.809346     0.392990     0.144220     0.095953     0.127552     0.245318     0.457154     0.588788     0.672902     0.765841     0.812285     0.681409     0.304533     0.173456     0.311271     0.759398     0.934486     0.929645     0.733469     0.279656     0.153202     0.287382     0.689946     0.870302     0.878408     0.804938     0.729915     0.745473     0.818402     0.867379     0.856122     0.733282     0.413586     0.210732     0.202547     0.217762     0.177873     0.118662     0.088591     0.087799 
    0.176888     0.128341     0.162012     0.240743     0.284235     0.294373     0.301545     0.316125     0.319642     0.293766     0.281932     0.278761     0.263651     0.250114     0.250152     0.255873     0.239194     0.178752     0.113875     0.140972     0.400290     0.820633     0.956050     0.965248     0.846856     0.396850     0.132675     0.085437     0.130296     0.309082     0.631350     0.779329     0.833655     0.873255     0.867931     0.708373     0.315644     0.175857     0.299080     0.723549     0.907659     0.904002     0.706106     0.284105     0.180946     0.368031     0.792888     0.925710     0.915010     0.838117     0.768945     0.804877     0.893713     0.947679     0.951929     0.863971     0.527357     0.200729     0.122218     0.132124     0.179162     0.213878     0.196797     0.148552 
    0.098685     0.159740     0.389221     0.683258     0.789372     0.808725     0.811619     0.804373     0.731690     0.478756     0.210742     0.115010     0.083427     0.072466     0.072679     0.078485     0.081121     0.075629     0.080030     0.168456     0.540886     0.891371     0.971130     0.945484     0.763235     0.291066     0.101170     0.087561     0.175987     0.421254     0.684734     0.721296     0.705334     0.710540     0.668453     0.469497     0.210063     0.131392     0.198135     0.468611     0.691537     0.681866     0.443952     0.191397     0.150735     0.298890     0.655632     0.786547     0.727646     0.547837     0.420251     0.503710     0.710976     0.841584     0.869097     0.761454     0.411624     0.159233     0.110597     0.182971     0.418421     0.612115     0.596056     0.400821 
    0.086759     0.200552     0.566579     0.854718     0.923118     0.929327     0.929120     0.921520     0.850047     0.560724     0.202122     0.085751     0.057716     0.056604     0.066295     0.078971     0.087196     0.086657     0.094344     0.189094     0.562475     0.876666     0.932762     0.847667     0.538456     0.178130     0.095398     0.157718     0.357431     0.622410     0.668044     0.432277     0.272482     0.234406     0.218952     0.169170     0.114718     0.105115     0.132954     0.203651     0.265981     0.252685     0.177239     0.120630     0.121258     0.174923     0.287276     0.325622     0.255773     0.160407     0.115603     0.148931     0.260703     0.403874     0.461641     0.360162     0.188209     0.104018     0.119161     0.296306     0.722200     0.892046     0.886682     0.721646 
    0.080515     0.180091     0.489276     0.759828     0.818072     0.812616     0.808514     0.796715     0.699636     0.402532     0.159091     0.090904     0.100473     0.151551     0.213391     0.260351     0.273923     0.236741     0.171326     0.189520     0.415536     0.703324     0.745723     0.566723     0.259634     0.123013     0.174897     0.411970     0.711381     0.821635     0.685235     0.265043     0.102792     0.072796     0.074164     0.082732     0.110617     0.165834     0.204137     0.187982     0.145242     0.120202     0.117763     0.145886     0.174188     0.167631     0.145557     0.120750     0.088792     0.062819     0.057012     0.073715     0.106424     0.140549     0.149903     0.123330     0.088383     0.080825     0.131237     0.360884     0.803667     0.938131     0.926813     0.769857 
    0.085788     0.150140     0.287285     0.381928     0.357923     0.314187     0.303885     0.308465     0.272601     0.179077     0.118364     0.140401     0.289345     0.533430     0.714777     0.788719     0.787887     0.676858     0.388868     0.202943     0.212906     0.295265     0.296897     0.208497     0.127036     0.156719     0.410356     0.760221     0.905251     0.902006     0.691427     0.218533     0.070284     0.045808     0.055755     0.103943     0.240382     0.452486     0.549946     0.422761     0.208337     0.133549     0.180874     0.341018     0.438724     0.347216     0.173592     0.086720     0.060850     0.065073     0.101604     0.154830     0.178956     0.158732     0.120308     0.094293     0.089281     0.105840     0.159780     0.342219     0.700059     0.825286     0.780913     0.553036 
    0.156796     0.249345     0.310901     0.236411     0.141503     0.100389     0.098252     0.112771     0.118877     0.109597     0.124381     0.252538     0.625562     0.860520     0.938542     0.959437     0.948314     0.860264     0.543913     0.214913     0.129956     0.125821     0.119374     0.101305     0.110714     0.246501     0.671856     0.906671     0.953069     0.893371     0.615222     0.190973     0.075204     0.068003     0.111503     0.257798     0.580757     0.818837     0.870190     0.739952     0.363522     0.209089     0.344183     0.702445     0.822355     0.707627     0.335634     0.114197     0.073269     0.122735     0.302920     0.523146     0.588879     0.489830     0.333236     0.244881     0.237641     0.269541     0.290620     0.307618     0.388573     0.410607     0.333738     0.204852 
    0.405298     0.618808     0.631824     0.360333     0.139323     0.081898     0.095319     0.129364     0.144043     0.131070     0.147911     0.315327     0.734771     0.919612     0.962310     0.962536     0.930041     0.802680     0.448075     0.171370     0.100563     0.090898     0.088058     0.087127     0.118944     0.285635     0.719381     0.901556     0.902676     0.765372     0.411026     0.151763     0.109806     0.176163     0.334020     0.606086     0.837234     0.932217     0.934127     0.804038     0.407191     0.236849     0.422602     0.823079     0.932754     0.870858     0.551473     0.173692     0.103645     0.227096     0.638688     0.866520     0.905279     0.858659     0.760811     0.673825     0.671755     0.698989     0.625627     0.393013     0.233134     0.171699     0.135632     0.100619 
    0.667911     0.854169     0.837798     0.542064     0.205676     0.149763     0.249214     0.367872     0.381045     0.267530     0.174732     0.250246     0.558144     0.769711     0.824138     0.804716     0.710806     0.482877     0.223064     0.119289     0.112813     0.126843     0.123896     0.106941     0.115574     0.216790     0.508278     0.690436     0.644504     0.417410     0.198084     0.128292     0.200771     0.464181     0.724755     0.850882     0.904205     0.909254     0.851365     0.643881     0.274793     0.166272     0.332250     0.775033     0.934337     0.920964     0.711591     0.252116     0.130439     0.270385     0.726459     0.921927     0.946881     0.905377     0.817571     0.739714     0.749920     0.787203     0.711755     0.427755     0.219889     0.175040     0.182748     0.176383 
    0.644156     0.850677     0.827556     0.540389     0.253869     0.308899     0.642333     0.816702     0.803022     0.568106     0.222389     0.143175     0.204571     0.282928     0.309406     0.282521     0.222382     0.150063     0.110111     0.150494     0.257878     0.337018     0.312024     0.201083     0.123260     0.128045     0.199994     0.254341     0.226318     0.151995     0.105681     0.128000     0.285026     0.661342     0.843226     0.852168     0.791824     0.693482     0.518224     0.284226     0.124642     0.090734     0.196846     0.597918     0.885253     0.932124     0.804642     0.359571     0.147719     0.209961     0.541276     0.768873     0.795069     0.699363     0.511600     0.379090     0.395522     0.475783     0.454378     0.312959     0.269470     0.397664     0.542922     0.573028 
    0.392366     0.627406     0.594468     0.336392     0.218977     0.407789     0.819533     0.947184     0.925456     0.705374     0.240891     0.097098     0.083456     0.094504     0.096984     0.086599     0.072423     0.072696     0.136057     0.371995     0.684145     0.801933     0.745724     0.464859     0.177596     0.102575     0.108883     0.134219     0.138613     0.120645     0.107518     0.129942     0.252094     0.541554     0.670716     0.573733     0.378733     0.245744     0.165821     0.105801     0.068177     0.058849     0.108433     0.355376     0.782622     0.921018     0.861143     0.496546     0.171689     0.125363     0.209647     0.299585     0.299217     0.226152     0.145978     0.108294     0.121116     0.160018     0.182570     0.201081     0.351617     0.709524     0.874500     0.905835 
    0.197692     0.316425     0.290881     0.172500     0.153605     0.354306     0.789419     0.930851     0.899428     0.645807     0.213153     0.091334     0.082301     0.093133     0.094444     0.081220     0.068302     0.095353     0.266776     0.692616     0.908127     0.956568     0.909999     0.663836     0.232436     0.112387     0.134286     0.236403     0.310623     0.305166     0.246153     0.181462     0.177389     0.248567     0.272205     0.206655     0.130879     0.093622     0.085705     0.091085     0.088472     0.075101     0.082217     0.204294     0.597805     0.858073     0.858421     0.563283     0.195902     0.101092     0.105968     0.130162     0.129119     0.101605     0.072167     0.057843     0.061581     0.076840     0.096039     0.143884     0.342542     0.770495     0.937069     0.972532 
    0.190507     0.320120     0.299455     0.171025     0.119044     0.217666     0.544446     0.743942     0.701285     0.418474     0.179852     0.158024     0.222890     0.283014     0.290971     0.235542     0.160544     0.181506     0.452541     0.845711     0.965661     0.979875     0.920185     0.658867     0.230094     0.137861     0.264409     0.613412     0.785876     0.792196     0.676018     0.416520     0.207526     0.151022     0.133839     0.105755     0.082043     0.082421     0.124296     0.213963     0.253414     0.205089     0.129870     0.136481     0.329464     0.636438     0.695309     0.444898     0.180651     0.111630     0.137009     0.206490     0.242131     0.223083     0.177171     0.132395     0.105442     0.094787     0.092093     0.113083     0.239332     0.603291     0.839191     0.911579 
    0.343814     0.630048     0.627009     0.361792     0.147847     0.116225     0.198787     0.287032     0.284360     0.214647     0.230779     0.432540     0.678563     0.791050     0.796870     0.684256     0.420047     0.311218     0.548793     0.856158     0.946950     0.939558     0.822855     0.468959     0.169945     0.150760     0.386368     0.818858     0.946751     0.954165     0.894766     0.698994     0.342770     0.185622     0.142778     0.111939     0.093016     0.120299     0.276007     0.605243     0.732284     0.633322     0.347949     0.153605     0.154818     0.256867     0.302791     0.218878     0.139008     0.153597     0.317693     0.595503     0.724498     0.720109     0.630950     0.485144     0.353567     0.264146     0.188459     0.132487     0.140805     0.262396     0.455824     0.591965 
    0.539079     0.850227     0.876545     0.676514     0.260961     0.101793     0.088982     0.112500     0.135974     0.187450     0.388810     0.736399     0.899248     0.946366     0.938933     0.846368     0.551742     0.309489     0.396781     0.663024     0.782185     0.748193     0.530452     0.225150     0.102577     0.130120     0.371248     0.816202     0.950996     0.964527     0.923738     0.787767     0.495420     0.333731     0.280025     0.195117     0.129749     0.167189     0.438995     0.834722     0.936530     0.895503     0.669019     0.246132     0.111649     0.110951     0.125374     0.115776     0.116959     0.207094     0.541007     0.845690     0.927708     0.927413     0.892935     0.837111     0.773738     0.687020     0.512631     0.284640     0.152429     0.122422     0.145221     0.173687 
